6.60
6.10
6.47
6.38
6.20
6.10
6.11
6.20
6.21
6.18
6.12
6.30
6.15
6.14
6.25
6.39
6.47
6.33
6.31
6.55
6.76
6.79
6.96
7.18
7.22
7.19
7.10
7.12
7.26
7.21
6.99
6.81
6.90
6.76
6.57
6.44
6.43
6.53
6.55
6.47
6.48
6.47
6.40
6.26
6.46
6.78
7.14
7.20
7.36
7.50
7.55
7.88
8.04
8.48
8.52
8.24
7.87
7.99
7.87
7.90
8.12
8.16
8.10
7.95
7.97
8.18
8.46
8.43
8.66
8.60
8.50
8.34
8.33
8.42
8.47
8.25
8.27
8.32
8.14
8.18
8.29
8.27
8.40
8.36
8.57
8.84
8.80
8.76
8.69
8.68
8.67
8.89
8.78
8.90
8.68
8.49
8.49
8.45
8.49
8.65
