4.40
6.30
6.40
6.28
6.64
6.37
6.43
6.00
6.01
5.98
6.47
6.55
6.68
6.78
6.76
7.05
7.22
7.54
7.64
7.79
7.55
7.52
7.62
7.74
7.45
7.27
6.86
6.53
6.34
5.88
5.52
5.19
4.95
4.46
5.04
4.98
4.98
5.37
5.02
5.11
5.66
5.81
5.92
6.72
6.62
6.83
7.26
7.24
8.19
8.25
7.79
7.58
7.74
7.36
7.46
6.97
6.47
6.43
6.45
6.99
6.78
7.09
7.21
7.17
6.59
6.73
7.34
7.23
7.26
6.75
7.09
6.95
6.99
7.16
7.43
7.59
7.71
8.34
8.28
9.02
9.54
9.79
9.94
10.24
10.69
11.36
11.54
10.81
10.17
9.33
8.57
8.86
8.99
8.59
7.67
6.96
6.16
6.24
6.67
7.58
