6.80
6.95
6.13
6.15
6.04
5.90
5.94
5.74
5.83
5.85
5.78
5.68
6.05
6.04
6.02
6.05
6.06
6.29
6.27
6.26
6.30
6.36
6.20
6.35
6.40
6.33
6.23
6.18
6.21
6.15
6.24
6.43
6.31
6.01
6.22
6.44
6.62
6.76
6.77
7.07
7.12
7.03
7.31
7.73
7.39
7.31
7.43
7.39
7.43
7.46
7.50
7.56
7.47
7.27
7.58
7.80
7.70
7.76
7.71
7.59
7.60
7.57
7.65
7.78
7.82
7.77
7.84
7.91
8.00
7.98
7.95
7.99
8.01
8.05
8.08
8.08
7.93
7.92
8.04
8.16
8.21
8.19
8.11
7.86
7.72
7.74
7.89
7.79
7.58
7.56
7.31
7.34
7.23
7.50
7.53
7.51
7.47
7.51
7.64
7.57
