10.20
8.75
9.07
9.10
9.30
9.52
9.34
9.28
9.31
9.13
8.87
9.11
9.11
9.07
9.20
9.33
9.70
10.06
9.93
10.16
10.42
10.28
10.07
10.32
10.07
9.81
9.47
9.17
9.20
9.40
9.47
9.84
9.84
9.50
9.54
9.79
9.73
9.51
9.69
9.19
9.21
8.84
8.81
9.03
9.27
8.99
9.40
9.80
9.22
9.26
9.12
9.02
8.74
8.57
7.71
7.82
7.36
7.58
8.34
8.43
8.21
8.41
8.70
9.26
10.39
10.54
11.01
10.57
10.54
11.02
11.39
11.72
11.99
11.70
11.23
11.16
10.88
10.39
10.32
10.33
10.68
10.77
11.09
11.39
11.43
11.27
11.37
12.02
12.00
11.97
11.12
10.79
10.42
10.20
10.38
10.50
10.80
10.20
9.64
9.41
