7.20
6.10
5.83
5.88
6.04
6.02
6.06
6.21
6.04
5.94
5.69
5.89
6.11
6.31
6.27
6.17
6.14
5.81
5.79
5.94
6.13
6.21
6.17
6.16
6.18
6.47
6.57
6.89
7.07
7.08
6.97
6.86
6.88
6.72
6.81
6.69
6.73
6.65
6.70
6.62
6.77
6.84
6.79
6.95
6.93
6.96
6.87
6.94
7.09
7.33
7.42
7.55
7.53
7.49
7.48
7.59
7.63
7.64
7.52
7.43
7.43
7.20
7.15
7.02
7.17
7.19
7.32
7.42
7.54
7.65
7.65
7.68
7.81
8.04
7.95
7.83
7.82
7.59
7.53
7.25
7.14
7.26
7.21
7.09
6.88
6.68
6.71
6.78
6.87
7.14
7.00
7.07
7.12
7.09
7.23
7.38
7.38
7.51
7.49
7.48
