5.60
5.45
6.17
6.28
5.88
6.08
6.19
6.33
6.19
6.20
6.22
6.49
6.52
6.70
6.86
6.97
6.88
6.75
6.78
6.57
6.58
6.45
6.54
6.47
6.54
6.40
6.44
6.60
6.97
7.23
7.45
7.67
7.70
7.64
7.64
7.75
7.96
8.03
7.99
8.11
8.17
8.00
7.90
7.99
7.96
7.75
7.68
7.69
7.61
7.57
7.56
7.55
7.57
7.71
8.06
8.22
8.30
8.34
8.20
8.25
8.31
8.50
8.48
8.40
8.18
8.45
8.53
8.52
8.74
8.68
8.54
8.51
8.57
8.61
8.73
8.62
8.64
8.36
8.26
8.35
8.59
8.50
8.40
8.34
8.30
8.27
8.31
8.62
8.70
8.67
8.54
8.50
8.76
8.79
8.73
8.54
8.37
8.37
8.47
8.58
