6.90
5.00
5.13
5.83
6.18
6.65
6.60
6.38
7.07
7.16
7.24
7.66
7.55
7.76
7.66
7.68
7.68
7.76
6.82
6.46
6.08
5.86
5.87
5.61
5.72
5.42
5.48
5.98
6.00
6.08
6.01
6.07
6.43
6.17
6.32
6.48
6.11
6.22
6.23
6.87
7.70
7.98
7.95
8.61
8.27
8.32
8.52
7.77
8.20
7.80
7.74
7.56
7.52
7.28
7.79
7.28
7.36
7.39
7.55
7.81
7.58
7.21
6.73
6.73
6.75
7.18
7.25
8.07
7.73
7.41
7.49
8.34
9.23
9.25
8.79
8.76
8.53
8.30
8.83
9.35
9.74
9.34
8.74
8.31
8.45
8.23
8.26
7.54
6.91
6.54
6.45
7.04
7.30
7.25
7.04
7.82
8.53
9.07
9.03
9.44
