6.30
5.95
6.43
6.62
6.48
6.83
6.67
6.53
6.44
6.34
6.49
6.56
6.56
6.38
6.29
5.94
5.90
5.90
6.06
6.22
6.03
6.04
5.93
6.19
6.52
6.67
6.70
6.89
6.71
6.78
6.70
6.80
6.79
6.71
6.67
6.71
7.05
7.10
7.12
7.20
7.30
7.07
7.01
7.13
7.13
7.29
7.08
7.03
7.22
7.09
7.33
7.73
7.78
7.72
7.72
7.74
7.95
8.26
8.42
8.52
8.47
8.03
8.20
8.32
8.44
8.37
8.34
8.21
8.23
8.30
8.31
8.64
8.77
8.69
8.86
8.86
8.83
8.84
8.53
8.62
8.76
8.76
8.77
8.64
8.36
8.46
8.51
8.36
8.50
8.40
8.53
8.73
8.76
8.99
8.83
8.45
8.48
8.67
8.67
8.54
