2.90
4.35
5.10
5.65
6.20
5.95
6.27
6.66
6.61
6.52
6.68
6.67
6.31
5.95
5.85
6.03
5.51
5.08
4.92
5.02
5.15
5.65
6.18
6.58
6.27
5.83
5.71
5.54
5.41
5.38
5.06
4.19
3.79
3.83
4.25
4.78
5.22
5.86
5.68
5.40
5.44
5.85
6.32
5.92
5.99
6.05
6.21
6.09
6.35
6.47
7.29
7.52
7.13
7.42
7.08
7.12
6.62
6.07
6.09
5.97
5.26
4.66
5.13
5.32
5.14
5.40
5.71
5.81
6.54
6.45
6.07
6.02
5.75
5.53
5.32
4.76
5.09
5.94
5.92
6.84
7.87
8.79
8.77
8.29
9.32
10.07
9.66
9.52
9.54
9.69
9.85
10.10
10.26
11.20
10.67
9.98
10.72
10.79
10.86
10.82
