5.20
6.05
5.83
5.55
5.80
5.90
5.96
6.04
6.08
6.21
6.38
6.22
6.43
6.82
6.83
6.87
6.71
6.72
6.90
6.86
6.95
6.94
6.94
6.92
7.00
7.30
7.52
7.68
7.77
7.73
7.48
7.72
7.63
7.56
7.58
7.43
7.49
7.64
7.51
7.43
7.59
7.66
7.70
7.68
7.60
7.57
7.45
7.35
7.25
7.45
7.33
7.17
7.28
7.48
7.50
7.56
7.71
7.87
8.08
8.04
8.31
8.42
8.28
8.14
8.26
8.17
8.24
8.10
8.11
8.08
7.87
7.63
7.78
7.90
7.95
8.12
8.12
8.05
7.98
8.11
8.30
8.45
8.40
8.32
8.28
8.14
8.16
8.20
8.14
8.24
8.30
8.39
8.33
8.48
8.65
8.58
8.56
8.68
8.70
8.52
