6.10
4.65
4.87
4.80
5.04
5.65
5.16
5.12
5.54
5.72
5.73
6.06
6.30
6.68
6.68
6.88
7.47
7.39
6.90
6.82
6.71
6.32
5.81
5.20
5.40
4.89
4.90
5.49
5.77
5.69
5.62
6.20
6.58
7.14
7.26
7.33
7.31
6.54
6.10
5.79
5.76
5.55
5.22
4.54
3.96
3.73
3.48
4.34
5.22
5.14
5.56
5.41
5.54
5.85
5.92
5.64
5.63
4.77
3.83
3.87
3.11
2.95
2.58
2.52
2.35
2.64
2.53
2.58
2.60
2.53
2.81
2.81
3.47
3.81
4.50
4.70
4.93
4.95
4.97
5.14
5.07
5.21
4.75
5.35
5.24
4.85
4.74
4.79
5.51
6.23
6.36
6.40
7.07
6.92
7.32
8.35
9.05
9.76
9.94
9.66
