3.70
3.30
4.30
4.42
4.62
4.92
5.17
5.42
5.60
5.79
6.15
6.38
6.42
6.47
6.52
6.69
6.60
6.34
6.42
6.42
6.41
6.50
6.54
6.79
6.94
6.73
6.87
7.17
7.07
6.77
6.63
6.77
6.83
6.79
6.57
6.74
6.58
6.57
6.60
6.84
7.06
7.17
7.11
7.10
7.33
7.16
7.26
7.20
7.32
7.30
7.31
7.29
7.44
7.49
7.46
7.50
7.49
7.67
7.53
7.38
7.25
7.18
7.05
6.90
7.00
7.15
7.38
7.30
7.41
7.57
7.65
7.69
7.85
8.03
7.88
7.79
7.59
7.53
7.48
7.62
7.59
7.60
7.34
7.28
7.48
7.58
7.72
7.87
7.95
7.98
8.15
8.20
8.14
8.14
8.15
7.89
7.82
7.62
7.31
7.16
