4.70
5.55
5.60
5.53
5.68
5.92
6.01
6.06
5.98
5.98
6.11
6.09
6.11
6.18
6.25
6.29
6.30
6.30
6.50
6.58
6.72
6.79
6.92
6.99
6.95
7.05
6.94
7.06
6.92
7.02
6.96
6.86
6.85
6.86
7.02
6.90
6.86
6.79
6.90
6.71
6.72
6.70
6.62
6.67
6.49
6.57
6.73
6.83
6.88
6.98
7.10
7.29
7.27
7.32
7.51
7.55
7.31
7.29
7.26
7.26
7.19
7.28
7.39
7.48
7.48
7.49
7.87
7.93
8.08
8.13
8.15
8.01
8.11
8.05
8.01
8.01
8.07
8.12
8.06
8.07
8.08
8.21
8.21
8.17
8.22
8.14
8.10
7.94
7.79
7.62
7.57
7.53
7.51
7.50
7.27
7.25
7.11
7.22
7.39
7.64
