12.60
12.15
10.33
9.78
9.30
9.35
9.30
9.50
9.33
9.59
9.52
9.22
9.59
9.75
9.99
9.84
10.00
9.37
9.98
9.80
9.56
9.49
9.57
9.53
9.47
9.67
9.85
10.44
10.22
10.35
10.67
10.76
10.76
11.10
11.40
11.16
11.19
11.14
10.76
10.57
10.07
10.45
10.32
9.83
9.16
9.49
9.07
8.61
8.67
8.35
8.78
8.78
8.68
8.78
9.39
9.41
9.42
9.63
9.44
9.91
9.70
9.10
9.14
9.17
9.31
9.37
9.32
9.39
9.39
9.14
9.07
9.29
9.03
9.02
8.41
7.88
7.44
7.40
7.19
7.05
6.97
6.76
6.83
7.28
7.70
8.07
9.06
9.58
10.42
11.09
11.57
12.22
12.86
12.90
13.03
13.14
12.83
12.48
12.17
11.71
