6.40
5.60
5.33
5.45
5.18
5.55
5.99
6.31
6.58
6.65
6.51
6.40
6.46
6.35
6.87
6.57
6.24
5.71
5.50
5.33
5.84
6.07
6.39
6.51
6.38
6.61
6.57
6.50
5.96
5.66
4.86
4.93
4.78
4.56
3.89
3.54
3.94
4.18
4.46
4.52
4.51
4.06
3.79
3.74
3.81
3.89
3.33
3.21
3.91
4.05
4.36
5.09
5.66
6.23
6.21
6.22
6.53
6.96
6.85
6.66
6.32
5.78
5.14
4.66
4.88
4.96
4.76
4.09
4.14
4.79
5.29
5.83
5.99
6.53
6.95
6.59
6.66
6.77
5.96
5.70
5.58
5.19
4.90
4.19
4.10
5.04
5.49
6.14
7.00
7.25
7.59
8.15
8.63
8.79
8.81
8.22
7.71
7.42
6.76
6.30
