5.70
5.85
6.20
6.17
6.02
6.17
6.23
6.33
6.42
6.56
6.73
6.73
6.73
6.61
6.57
6.76
6.77
6.63
6.68
6.47
6.37
6.39
6.41
6.63
6.92
6.73
6.61
6.58
6.57
6.83
7.02
7.10
7.14
7.09
7.01
7.16
7.40
7.59
7.73
7.45
7.21
7.27
7.47
7.52
7.73
7.83
7.88
8.05
7.95
8.19
8.28
8.33
8.07
8.19
8.13
7.95
7.97
8.00
8.12
8.05
8.41
8.38
8.41
8.21
8.25
8.34
8.24
8.19
8.05
7.88
7.73
7.89
7.93
8.23
8.13
8.03
8.15
8.04
8.06
8.44
8.38
8.32
8.55
8.53
8.64
8.70
8.72
8.83
9.01
9.01
9.09
8.99
8.90
8.80
8.71
8.70
8.53
8.52
8.36
8.27
