4.10
5.05
5.50
5.85
5.90
5.83
5.89
5.97
5.97
5.90
6.19
6.30
6.35
6.14
6.25
6.35
6.37
6.45
6.34
6.29
6.32
6.11
6.17
6.42
6.29
6.35
6.32
6.20
6.49
6.70
6.77
7.02
6.90
6.73
6.85
6.78
6.91
7.03
6.99
7.13
6.99
6.91
7.15
7.38
7.40
7.50
7.66
7.63
7.63
7.60
7.75
7.93
7.77
7.75
7.85
7.81
7.65
7.67
7.77
7.67
7.72
7.68
7.73
7.83
7.74
7.86
7.95
7.91
7.94
8.00
7.95
7.89
7.73
7.59
7.63
7.32
7.14
7.15
6.83
6.89
6.71
6.76
6.94
6.77
6.87
7.19
7.39
7.49
7.74
7.76
7.96
8.02
8.01
8.24
7.95
7.88
7.61
7.60
7.56
7.54
