1.30
1.45
1.13
1.15
1.28
1.37
1.33
1.29
1.20
1.19
1.11
1.05
1.25
1.33
1.38
1.39
1.51
1.61
1.76
1.77
1.92
2.14
2.19
2.22
2.23
2.30
2.18
2.01
1.86
1.93
2.01
1.83
1.74
1.62
1.62
1.57
1.75
1.92
2.08
2.16
2.18
2.19
2.30
2.40
2.31
2.12
1.89
1.77
1.85
1.70
1.58
1.57
1.33
1.24
1.17
1.29
1.34
1.36
1.26
1.28
1.27
1.21
1.30
1.36
1.42
1.47
1.59
1.73
1.78
1.89
2.01
2.17
2.14
2.10
2.03
1.97
1.96
1.97
1.94
1.98
1.89
1.98
2.08
2.24
2.47
2.54
2.37
2.19
2.14
2.05
2.11
2.07
2.15
2.09
2.05
2.08
2.23
2.33
2.39
2.42
