2.12
2.67
2.91
3.17
3.20
3.10
3.08
3.15
3.22
3.08
3.23
3.19
3.08
2.90
2.89
2.89
2.94
2.81
2.80
2.97
2.97
3.13
3.24
3.39
3.51
3.76
3.80
3.96
3.98
4.11
4.01
3.90
3.98
4.01
3.91
3.82
3.64
3.50
3.42
3.26
3.42
3.51
3.39
3.46
3.57
3.57
3.69
3.98
4.00
4.02
3.86
3.78
3.93
3.87
3.83
3.87
4.08
3.98
4.05
4.03
3.90
3.75
3.52
3.35
3.05
2.70
2.41
2.31
2.10
1.94
1.95
1.90
1.76
1.72
1.79
1.97
2.15
2.10
2.20
2.13
2.20
2.49
2.81
2.92
2.89
2.81
2.73
2.83
2.71
2.81
2.90
2.82
2.86
3.03
3.25
3.52
3.59
3.65
3.89
4.10
4.10
4.16
4.24
4.33
4.35
4.20
4.05
3.72
3.57
3.55
3.59
3.45
3.30
3.10
3.15
3.30
3.51
3.89
4.13
4.24
4.31
4.52
4.63
4.80
4.73
4.65
4.56
4.44
4.33
4.37
4.39
4.34
4.29
4.32
4.42
4.40
4.42
4.44
4.51
4.41
4.40
4.39
4.39
4.25
4.16
4.26
4.30
4.38
4.32
4.60
4.66
4.69
4.72
4.81
4.77
4.75
4.85
4.72
4.76
4.59
4.62
4.54
4.69
4.74
4.80
4.82
4.71
4.82
4.95
4.80
4.68
4.84
4.57
4.58
4.59
4.56
4.67
4.71
4.55
4.55
4.60
4.49
4.52
4.58
4.55
4.51
4.51
4.44
4.51
4.56
4.51
4.63
4.68
4.55
4.62
4.69
4.69
4.66
4.50
4.54
