2.44
2.52
2.69
2.85
2.95
2.99
2.89
3.03
3.03
3.00
2.99
3.17
3.19
3.23
3.21
3.36
3.55
3.52
3.50
3.55
3.67
3.63
3.71
3.63
3.65
3.47
3.37
3.30
3.42
3.56
3.58
3.60
3.44
3.43
3.44
3.47
3.43
3.39
3.33
3.21
3.13
3.04
3.31
3.23
3.32
3.45
3.62
3.79
3.78
3.78
3.81
3.67
3.41
3.39
3.21
3.03
3.01
2.98
2.94
2.81
2.88
2.93
2.87
3.16
3.35
3.51
3.42
3.41
3.58
3.60
3.68
3.95
4.24
4.27
4.33
4.37
4.55
4.43
4.26
4.51
4.41
4.27
4.11
3.97
4.05
3.95
3.72
3.81
3.94
3.85
3.90
3.89
4.02
4.13
3.80
3.72
3.80
3.91
3.90
3.99
4.07
4.14
4.10
3.98
4.09
4.33
4.35
4.22
4.13
3.89
3.75
3.68
3.62
3.75
3.68
3.47
3.55
3.60
3.75
3.97
4.15
4.22
4.30
4.25
4.45
4.59
4.56
4.42
4.22
4.14
3.84
3.66
3.64
3.69
3.54
3.49
3.40
3.48
3.58
3.54
3.74
3.77
3.77
3.55
3.54
3.27
3.17
3.10
3.03
3.04
2.82
2.84
2.99
3.18
3.31
3.57
3.74
3.93
4.08
4.17
4.35
4.51
4.48
4.30
4.11
4.00
4.01
3.94
3.68
3.50
3.35
3.10
2.87
2.92
2.84
2.79
2.75
2.77
3.01
3.23
3.47
3.66
3.93
4.05
4.35
4.47
4.49
4.57
4.56
4.51
4.49
4.49
4.29
4.25
4.26
4.29
4.50
4.45
4.43
4.48
