2.38
3.26
3.00
2.91
2.80
3.06
3.01
3.06
3.02
2.98
3.05
2.96
3.05
3.24
3.28
3.09
3.16
3.15
3.16
3.11
3.17
3.24
3.22
3.18
3.34
3.55
3.53
3.44
3.51
3.54
3.29
3.20
3.25
3.14
2.84
2.57
2.59
2.69
2.77
2.95
3.21
3.39
3.59
3.77
4.02
4.26
4.26
4.31
4.28
4.17
4.02
3.67
3.38
3.22
3.17
3.04
3.17
3.30
3.14
3.26
3.26
3.26
3.45
3.37
3.37
3.52
3.43
3.13
3.15
3.05
3.11
3.21
3.10
3.11
3.11
2.88
2.78
2.96
3.29
3.36
3.45
3.55
3.82
4.04
4.18
4.44
4.62
4.58
4.53
4.65
4.66
4.73
4.50
4.46
4.43
4.46
4.44
4.42
4.37
4.24
4.20
4.22
4.10
4.17
3.97
3.84
3.78
3.92
3.95
4.08
4.23
4.28
4.54
4.44
4.60
4.71
4.72
4.64
4.59
4.50
4.42
4.37
4.36
4.47
4.54
4.53
4.67
4.78
4.89
4.93
5.04
4.83
4.44
4.07
3.79
3.53
3.22
2.95
2.58
2.33
1.94
2.14
2.49
2.79
2.96
3.17
3.50
3.69
3.90
4.17
4.51
4.50
4.44
4.48
4.55
4.59
4.57
4.76
4.76
4.80
4.75
4.87
4.87
4.71
4.72
4.68
4.61
4.41
4.32
4.10
4.23
4.26
4.33
4.46
4.55
4.62
4.66
4.71
4.67
4.65
4.42
4.18
4.08
4.23
4.18
4.04
4.17
4.34
4.49
4.68
4.77
4.94
4.96
4.87
4.66
4.52
4.18
3.98
3.84
3.72
