3.17
3.46
3.61
3.25
3.08
2.99
2.84
2.81
2.99
2.92
2.93
2.73
2.70
2.74
2.90
3.06
3.25
3.33
3.29
3.40
3.57
3.77
3.74
3.90
3.85
3.84
3.83
3.78
3.86
3.88
3.69
3.70
3.75
3.77
3.86
3.81
3.77
3.83
3.62
3.58
3.52
3.47
3.53
3.58
3.56
3.53
3.61
3.54
3.69
3.92
4.12
4.37
4.40
4.24
4.17
4.18
4.17
4.29
4.20
3.99
3.99
3.82
3.65
3.69
3.86
3.78
3.87
3.79
3.92
4.00
4.03
4.05
4.16
4.22
4.18
4.30
4.27
4.39
4.42
4.35
4.41
4.32
4.26
4.16
4.18
4.24
4.27
4.37
4.38
4.40
4.17
4.20
4.34
4.35
4.25
4.17
4.06
3.83
3.69
3.71
3.89
3.98
3.84
3.88
3.91
4.07
4.23
4.44
4.38
4.39
4.14
4.01
4.15
4.31
4.33
4.17
3.98
3.89
3.98
4.12
4.29
4.27
4.41
4.19
4.24
4.20
4.33
4.36
4.41
4.33
4.49
4.65
4.40
4.55
4.55
4.67
4.61
4.44
4.39
4.31
3.94
3.99
4.13
3.98
3.96
3.86
3.68
3.62
3.53
3.51
3.66
3.43
3.06
3.05
2.95
2.95
3.08
3.22
3.13
3.18
3.25
3.42
3.72
3.52
3.50
3.27
3.05
2.82
2.87
2.94
3.01
3.02
2.93
3.19
3.14
3.33
3.51
3.54
3.49
3.35
3.03
2.68
2.50
2.28
2.11
1.90
1.81
1.87
1.82
1.57
1.67
1.69
1.75
1.74
1.81
1.95
2.06
2.24
2.53
2.83
