1.72
2.41
2.08
2.12
2.24
2.34
2.61
2.58
2.74
2.68
2.76
2.81
3.07
3.22
3.31
3.41
3.29
3.39
3.29
3.56
3.67
3.59
3.46
3.47
3.44
3.40
3.42
3.53
3.71
3.54
3.35
3.33
3.37
3.29
3.28
3.30
3.33
3.22
3.22
3.36
3.48
3.69
3.81
3.81
3.62
3.47
3.40
3.47
3.28
3.25
3.27
3.30
3.24
3.43
3.73
4.02
4.19
4.25
4.05
3.97
4.08
4.13
4.21
3.93
3.67
3.55
3.53
3.41
3.83
3.86
3.88
3.80
3.65
3.88
4.11
4.17
4.08
4.17
4.05
4.02
3.86
3.77
3.91
3.97
4.06
4.10
4.24
4.19
4.05
4.14
4.19
4.23
4.21
3.88
3.76
3.58
3.44
3.61
3.84
3.82
3.90
3.90
3.92
4.15
4.21
4.24
4.30
4.09
3.91
3.96
4.00
3.85
3.71
3.55
3.52
3.45
3.44
3.47
3.62
3.59
3.47
3.66
3.63
3.75
3.78
3.92
4.02
4.10
4.13
4.07
4.18
4.05
4.17
4.14
4.16
4.28
4.18
4.16
4.11
4.08
4.07
4.21
4.18
4.16
4.14
4.15
4.33
4.30
4.38
4.52
4.63
4.67
4.77
4.86
4.81
4.63
4.48
4.42
4.40
4.39
4.25
4.18
4.23
4.24
4.27
4.36
4.24
4.23
4.13
4.20
4.18
4.13
3.98
3.96
3.96
3.95
4.09
4.17
4.19
4.20
4.23
4.31
4.46
4.44
4.47
4.57
4.52
4.57
4.70
4.49
4.31
4.02
3.75
3.68
3.66
3.62
3.64
3.56
3.34
3.38
