1.00
7.50
3.90
5.10
2.10
2.50
5.10
0.00
0.50
4.00
4.00
0.50
4.00
0.00
5.10
5.10
6.20
4.00
6.60
2.10
4.00
7.50
4.00
2.10
4.10
1.00
5.20
2.90
2.10
6.20
4.00
0.00
0.50
2.10
1.00
0.50
6.10
0.00
6.50
1.00
1.00
2.10
5.00
0.60
6.40
1.00
3.10
0.00
2.10
2.50
0.00
7.50
0.00
2.50
2.50
4.10
7.50
0.50
0.50
0.50
2.10
1.00
0.00
7.60
0.50
2.50
4.00
1.00
0.00
0.50
2.10
2.90
0.50
5.40
1.00
1.00
0.50
6.50
2.50
4.00
7.60
0.50
6.50
2.10
6.60
5.10
2.10
2.10
4.00
7.50
3.60
1.00
1.40
2.10
0.00
6.40
1.00
4.00
1.00
2.50
1.00
2.60
0.50
5.40
4.00
3.00
2.10
3.90
2.50
7.50
2.10
0.90
3.60
1.00
1.00
2.10
0.00
0.50
3.90
3.00
1.00
4.00
1.00
0.00
4.00
7.50
3.60
5.50
6.40
2.60
1.00
1.50
2.10
2.10
0.60
5.00
2.10
4.00
4.90
2.50
2.10
2.10
4.10
7.60
2.10
4.10
2.90
2.90
4.00
7.70
1.00
7.60
2.10
4.00
3.60
6.40
2.10
2.10
5.00
7.70
4.10
0.00
7.50
7.50
1.00
2.10
5.00
2.10
6.10
3.00
4.00
1.00
5.10
2.50
2.10
2.10
3.90
5.00
7.70
1.00
3.90
0.50
3.60
5.00
3.60
2.60
7.70
3.90
6.60
2.60
6.20
6.10
2.10
0.00
7.70
2.10
2.10
1.00
2.50
4.00
6.40
4.00
7.50
7.50
5.10
2.10
2.10
6.10
4.00
5.10
3.00
6.40
7.70
2.10
7.80
0.50
0.00
6.20
0.50
4.00
5.30
2.10
7.50
5.00
5.00
4.10
0.50
0.00
0.00
2.50
5.00
2.10
4.00
2.10
7.50
4.70
6.50
4.00
3.60
2.10
3.00
2.10
5.00
2.10
1.00
6.30
2.10
4.00
7.60
2.10
7.50
2.50
6.00
1.00
4.00
2.10
6.20
1.00
7.50
2.50
6.20
7.60
4.00
4.00
2.10
2.10
0.50
2.10
6.50
2.10
0.00
2.10
1.00
3.60
2.10
2.10
2.10
6.40
5.20
5.00
2.50
4.00
5.00
7.60
7.80
3.60
4.00
2.10
3.60
7.60
2.10
3.60
4.00
3.60
6.40
0.50
2.50
7.50
3.90
2.10
5.10
4.00
6.40
1.00
1.00
1.00
0.50
2.50
1.50
7.90
7.70
2.10
2.10
7.60
0.00
1.10
5.00
2.10
4.00
7.50
2.10
2.90
6.40
2.10
2.50
5.10
5.20
2.10
1.00
7.60
0.50
5.00
7.50
2.10
7.60
7.50
7.60
2.10
4.00
0.00
5.10
2.50
4.00
2.10
2.10
2.50
5.30
5.30
7.70
7.50
1.00
1.00
4.00
2.90
7.50
2.50
1.00
4.00
4.10
7.50
1.00
0.50
5.10
7.60
2.50
1.00
5.10
4.00
1.00
5.10
5.10
1.00
6.50
5.10
5.30
1.00
1.00
4.00
4.00
2.50
2.50
2.10
2.10
2.60
7.70
2.50
5.00
2.10
0.00
0.00
5.20
3.60
5.30
2.10
5.10
4.00
0.00
0.50
2.50
4.00
2.90
1.00
1.00
4.00
5.10
0.00
2.60
1.00
3.60
3.90
0.50
0.50
0.00
1.00
7.50
0.50
1.50
7.50
7.50
7.60
1.00
4.00
2.50
7.70
4.00
2.50
5.10
7.50
2.10
6.10
2.10
1.00
5.00
5.50
7.60
7.80
7.50
2.90
3.00
7.50
1.00
1.00
3.00
2.10
2.10
7.60
6.10
6.10
5.10
7.50
4.00
3.00
1.00
1.00
1.00
4.00
1.00
6.40
4.00
7.50
7.70
3.60
3.00
7.60
1.00
4.00
2.50
2.10
4.00
5.10
6.10
4.50
2.50
4.00
1.00
1.00
5.00
1.00
2.50
1.00
7.50
1.00
7.60
7.70
1.00
1.00
4.10
2.50
3.00
6.50
4.00
5.00
7.60
2.10
6.40
4.10
4.10
7.60
7.50
6.20
2.10
4.00
6.40
6.20
4.00
5.10
5.30
2.50
7.70
2.50
2.50
7.50
4.00
5.10
6.40
7.60
7.70
7.50
4.00
6.50
7.50
1.00
7.60
6.40
4.00
5.40
7.50
1.00
4.00
1.00
4.00
2.50
2.50
1.00
2.10
7.60
7.50
3.60
0.00
2.50
0.50
3.60
2.50
6.10
3.90
4.70
2.10
2.50
4.10
5.00
2.10
2.50
2.10
7.50
4.00
0.50
2.50
1.00
6.50
5.10
2.50
4.00
1.00
5.20
1.00
4.00
6.20
1.00
7.50
7.50
4.10
2.10
3.00
2.10
4.00
2.50
6.50
7.50
4.00
5.00
0.00
4.30
1.00
6.40
6.40
1.00
1.00
4.00
4.00
4.00
2.50
1.00
4.10
4.00
3.90
7.50
5.10
1.00
2.10
2.50
0.00
5.30
7.70
3.00
5.30
2.10
6.30
6.40
6.10
4.40
2.50
4.10
6.30
3.60
4.20
5.00
5.00
4.00
4.00
2.50
1.00
1.00
2.90
7.50
2.90
1.00
7.60
2.50
1.00
1.00
5.10
1.00
5.10
7.50
3.90
5.00
2.10
4.70
1.00
2.10
7.50
5.00
3.60
2.90
6.20
7.70
2.10
7.60
6.40
2.60
3.00
4.00
1.40
4.00
1.00
1.00
7.60
1.00
1.00
2.50
6.20
6.30
4.00
7.80
2.50
5.10
1.00
4.00
7.50
4.00
5.10
4.00
1.00
1.00
1.00
7.50
2.50
4.00
2.10
5.00
5.00
7.90
4.00
2.10
4.00
4.00
7.50
2.10
2.10
6.50
4.00
5.10
7.60
4.00
4.00
6.50
4.00
2.10
2.10
2.10
4.10
2.10
2.10
6.40
7.60
5.20
7.60
2.10
7.50
5.00
2.10
4.00
4.90
4.00
4.00
4.00
7.70
2.10
6.40
4.00
3.00
3.60
2.10
2.10
7.60
2.10
6.20
5.50
2.90
4.00
5.10
0.50
7.60
5.10
5.00
4.00
5.10
4.00
3.60
3.60
7.50
7.60
2.10
4.00
7.70
4.00
2.10
5.00
5.00
2.10
5.00
2.10
2.10
6.40
4.00
4.00
2.10
2.10
7.50
4.00
7.80
7.70
2.10
4.00
7.60
2.10
2.10
5.00
3.60
3.10
5.50
4.00
4.00
2.10
6.00
4.00
7.60
6.20
4.00
2.10
6.40
4.20
5.00
4.00
6.40
3.60
7.50
6.40
2.10
2.10
2.10
7.50
2.10
4.10
4.00
4.00
2.10
2.10
5.00
2.10
5.00
3.10
6.20
7.50
7.50
7.50
4.10
5.20
2.50
6.30
4.00
1.00
1.00
7.60
4.00
4.30
4.00
4.00
1.00
4.00
2.10
3.00
7.60
4.00
1.00
2.50
4.00
4.10
4.00
0.50
3.60
4.90
0.50
5.10
2.50
3.60
2.50
2.50
1.00
7.50
2.50
2.50
7.60
5.30
6.10
7.80
5.10
2.10
2.10
7.60
6.10
2.10
7.50
4.00
2.10
4.00
3.00
7.60
6.40
2.50
2.10
6.20
4.20
2.10
7.70
2.10
4.00
6.10
6.40
7.60
6.40
5.10
3.90
5.10
2.10
7.80
3.80
6.20
7.60
7.70
7.60
2.90
5.10
4.00
6.30
2.10
5.10
2.50
5.10
7.50
5.10
4.10
5.10
4.00
4.00
7.70
4.00
0.50
2.50
0.50
5.20
3.90
3.60
3.60
1.00
7.60
0.50
2.50
0.50
3.60
3.60
2.50
7.50
7.60
1.00
0.50
2.10
4.00
6.40
2.10
2.50
6.40
2.50
7.70
4.10
2.10
2.10
6.20
6.10
7.70
2.50
2.50
4.70
6.30
2.10
3.60
5.10
1.50
3.60
2.50
1.50
3.60
7.60
7.50
1.00
3.90
0.50
2.10
7.60
3.60
2.10
4.00
2.10
4.00
4.70
4.10
7.60
5.20
2.10
1.00
2.10
3.60
4.90
4.00
7.50
1.00
7.50
2.50
1.00
4.00
7.50
5.10
5.10
1.00
1.00
4.00
2.10
2.10
2.10
2.10
2.10
2.10
4.10
5.00
2.10
4.10
5.10
2.10
4.10
3.60
2.10
5.20
6.40
2.50
4.70
6.10
2.10
4.20
2.10
4.00
2.10
3.60
2.50
5.10
7.50
7.70
7.50
4.00
7.50
2.50
2.50
2.10
6.40
4.00
5.00
3.60
7.70
5.00
7.60
2.10
2.10
3.60
5.00
4.00
2.10
4.00
3.60
5.00
2.10
2.10
3.60
5.00
5.30
2.10
4.00
3.60
2.10
5.00
4.00
4.00
7.60
7.60
2.10
2.10
3.00
2.10
4.00
4.00
5.00
4.00
4.50
6.20
2.10
4.00
7.60
7.50
7.50
2.10
7.70
4.00
7.60
3.00
2.10
5.00
3.60
7.50
6.40
7.60
4.00
7.50
2.60
5.00
7.50
4.00
7.60
4.10
5.10
5.10
7.50
3.90
0.50
2.50
2.50
6.40
0.50
0.50
1.00
7.50
0.50
7.50
3.60
6.40
2.50
2.50
2.10
7.60
6.50
4.10
1.00
3.60
2.50
1.00
1.00
3.60
5.50
3.60
2.50
2.50
0.50
2.50
1.50
1.00
3.60
1.00
5.00
4.20
2.10
7.70
4.20
2.50
7.50
4.00
4.00
7.60
7.50
2.10
4.20
4.10
2.10
4.00
7.80
5.00
2.10
7.80
7.60
7.50
7.50
4.10
2.10
4.10
2.50
1.00
1.00
7.50
3.60
7.60
2.10
7.50
2.50
7.60
3.60
7.50
2.50
2.10
5.10
3.90
4.00
5.00
1.00
3.00
1.00
6.50
2.10
5.00
4.00
4.00
4.00
2.10
2.10
3.70
3.60
1.00
2.50
1.00
7.60
7.70
7.70
4.10
7.50
1.00
4.10
1.00
2.50
2.90
6.40
1.00
4.00
5.00
4.20
7.70
7.50
5.00
7.70
3.00
5.40
2.50
7.70
1.00
6.70
7.60
3.00
4.00
5.10
5.40
6.40
4.00
5.10
3.60
2.60
2.50
3.90
0.50
1.00
5.40
2.50
0.50
0.50
4.00
7.70
5.10
6.50
5.40
7.80
6.60
7.50
7.60
3.90
5.00
5.00
5.10
7.50
5.00
6.20
1.00
1.00
2.50
1.00
6.30
1.00
2.90
2.50
4.00
7.50
7.50
2.50
7.50
2.50
5.00
5.00
4.00
5.00
1.00
1.00
7.60
2.50
1.00
4.00
1.00
7.50
2.90
7.70
4.00
5.00
5.00
5.00
3.90
3.90
3.90
3.60
5.10
7.60
3.60
7.50
5.10
6.20
2.10
3.60
2.10
4.00
5.20
5.10
2.10
3.60
6.30
2.10
7.70
3.60
4.10
6.50
2.10
2.10
7.60
4.00
6.50
6.50
2.10
4.10
2.10
7.50
4.00
2.10
5.10
6.10
7.50
2.10
6.20
7.60
7.50
7.50
6.40
4.00
7.50
7.70
2.50
7.60
7.50
4.00
1.00
0.00
5.10
2.10
3.90
3.60
2.10
7.70
6.10
0.00
4.00
4.10
2.10
4.00
4.00
6.40
2.10
7.60
6.10
6.30
4.00
7.60
1.00
5.10
5.10
4.00
5.00
2.50
7.70
7.50
1.00
4.00
6.40
7.50
7.60
1.00
5.00
7.50
5.10
1.00
5.20
4.00
1.00
5.10
4.00
1.00
7.70
5.00
1.00
2.50
3.90
3.00
7.60
2.90
1.00
1.00
7.50
5.10
5.10
1.00
1.00
1.00
5.00
1.00
5.40
3.00
4.00
5.00
6.40
2.90
4.20
5.10
1.00
5.00
5.00
1.00
4.10
3.60
7.60
2.50
1.00
1.00
7.50
1.00
5.00
1.00
2.50
2.50
2.50
2.50
2.50
1.00
1.00
5.00
5.00
5.00
5.00
5.20
4.00
5.10
7.70
2.50
7.70
6.40
5.00
1.00
3.00
4.10
7.50
2.10
7.80
7.60
5.10
5.10
2.90
4.20
2.50
1.00
6.40
2.10
5.00
2.10
2.10
2.10
4.10
6.40
2.10
6.40
3.90
7.70
7.60
2.10
4.00
4.00
0.50
3.00
4.00
0.50
2.50
2.50
6.40
5.40
6.40
2.50
2.50
3.60
2.50
0.50
1.40
1.50
2.50
2.50
3.60
2.60
1.50
7.50
2.50
1.00
1.00
2.00
3.00
3.00
0.50
2.50
3.70
1.00
7.50
5.10
2.50
2.10
0.50
2.50
1.00
2.50
7.50
5.20
2.50
5.30
2.50
3.60
0.50
3.00
3.90
2.50
3.60
2.50
3.90
0.50
7.70
3.60
6.40
5.10
0.50
1.00
0.50
2.50
0.50
7.70
0.50
5.10
1.00
3.60
7.50
1.00
0.00
0.00
0.00
2.10
1.00
2.10
2.10
0.90
2.50
2.10
2.10
5.10
1.00
6.50
7.70
2.10
3.60
2.50
0.50
0.50
7.50
2.60
6.40
6.40
0.50
1.00
1.00
6.40
4.20
1.00
1.00
4.00
5.20
4.00
7.70
5.00
5.00
1.00
1.00
4.10
7.80
5.10
1.00
4.00
4.00
2.50
2.50
4.00
1.00
7.60
7.50
1.00
1.00
6.70
1.00
1.00
7.60
4.00
1.00
4.00
0.00
2.10
4.00
2.10
0.00
0.50
5.10
2.10
0.00
5.50
5.00
2.10
2.10
2.10
5.00
3.00
4.00
5.00
7.60
1.00
5.00
7.80
4.00
1.00
1.00
7.60
4.00
7.60
4.10
5.00
7.80
2.60
5.00
6.70
4.10
1.00
2.90
4.30
7.50
1.00
7.50
1.00
7.50
2.50
1.00
1.00
7.80
7.60
5.00
1.00
0.00
0.00
0.00
1.00
2.10
4.10
0.00
4.00
1.00
1.00
0.00
3.60
2.10
4.20
4.00
6.50
4.00
4.00
5.30
0.00
0.00
0.50
2.10
3.60
0.00
2.90
0.50
0.00
2.10
0.00
3.60
0.00
1.00
2.10
0.00
2.10
3.90
0.00
1.00
1.00
0.50
0.50
3.90
0.50
0.00
3.90
2.50
2.50
0.00
0.00
5.20
0.50
0.00
0.00
0.00
7.50
2.50
2.10
7.50
5.10
5.10
7.50
1.00
7.50
1.00
5.00
4.00
7.50
5.00
7.50
7.50
5.00
2.50
3.90
4.10
5.10
4.20
5.10
5.00
3.00
7.50
6.20
5.00
4.00
1.00
1.00
4.10
7.50
7.90
7.60
3.00
1.00
7.50
1.00
1.00
7.60
2.90
1.00
1.00
5.00
1.00
5.00
4.40
5.10
2.50
2.50
1.00
5.10
7.50
4.10
2.50
7.60
1.00
1.00
5.00
0.00
7.50
0.00
1.00
7.70
0.00
4.00
4.00
0.50
2.10
5.30
0.00
5.10
2.10
5.30
6.10
2.10
4.00
2.50
2.10
2.10
1.00
2.10
4.10
2.10
2.10
0.00
0.00
1.00
2.10
1.00
2.10
2.10
5.40
2.10
3.60
0.00
0.50
0.00
2.10
7.70
0.00
5.10
0.00
3.60
4.00
2.10
1.00
7.50
5.00
4.00
2.10
4.00
0.50
0.00
2.10
6.40
0.00
0.50
1.00
7.60
0.00
0.00
1.00
0.00
0.00
0.00
3.00
2.10
3.60
0.00
0.00
2.10
0.90
1.00
0.00
3.60
2.10
0.50
0.50
2.10
4.00
2.10
0.00
0.50
0.00
7.50
0.00
2.50
0.50
0.00
2.10
1.00
2.50
2.10
0.00
1.00
2.10
1.00
2.10
0.50
1.00
2.10
1.00
0.50
0.50
3.60
2.10
0.00
0.00
0.50
2.50
0.00
0.50
2.10
2.50
2.10
5.10
7.80
0.50
0.00
0.00
2.50
0.00
2.50
0.00
3.90
6.70
0.00
1.00
5.20
0.50
2.10
2.10
1.00
1.40
0.00
5.00
0.50
0.00
4.00
2.10
0.00
2.10
5.00
2.50
0.00
0.00
0.50
0.00
0.00
0.00
0.00
0.50
4.10
0.00
2.10
5.10
1.00
1.00
4.90
2.10
3.90
4.00
0.00
2.10
2.10
0.00
2.10
1.00
0.50
0.00
1.00
5.40
7.60
1.00
0.00
7.70
0.00
0.00
4.00
1.00
0.00
0.00
0.50
0.00
2.10
2.10
2.10
2.10
0.00
4.00
1.00
2.50
0.50
3.60
2.50
2.10
2.90
2.10
5.10
0.00
0.00
1.00
5.10
0.00
7.70
2.10
2.50
0.00
1.00
5.10
0.00
0.50
4.00
0.50
7.50
1.00
1.00
1.00
7.70
2.50
1.00
7.60
1.00
4.10
2.50
5.10
1.00
1.00
4.00
7.50
7.70
7.50
2.50
4.00
8.00
7.50
4.00
7.50
2.50
4.00
4.00
1.00
7.80
2.50
5.00
1.00
2.50
7.60
1.00
5.40
2.50
4.10
