10.90
10.35
9.80
9.43
9.56
9.45
9.61
9.56
9.81
9.62
9.64
9.67
9.73
9.58
9.50
9.75
9.73
9.80
9.40
9.26
9.12
8.91
8.78
8.99
9.08
9.06
9.25
8.98
8.79
9.15
8.95
9.26
9.52
9.53
9.50
9.17
9.06
9.32
9.73
9.77
9.90
9.98
10.14
10.39
10.12
10.35
10.23
10.28
10.11
10.04
9.83
9.77
9.46
9.27
9.56
9.51
9.48
8.96
8.99
9.19
9.38
8.89
9.00
9.09
8.97
8.75
8.53
9.06
8.93
8.52
8.17
8.41
8.34
8.26
8.39
8.65
9.02
8.89
9.28
9.29
9.87
9.83
9.56
9.70
9.63
9.55
9.43
9.52
9.00
9.13
8.97
9.23
9.38
9.15
9.14
9.18
9.05
8.93
9.23
9.43
9.38
9.19
9.36
9.33
9.23
9.45
9.37
9.50
9.28
9.19
9.22
9.34
9.24
9.19
9.17
8.97
9.19
9.37
9.81
9.91
10.06
10.01
10.11
10.31
10.55
10.50
10.34
9.80
9.44
9.12
8.87
8.97
8.84
8.57
8.50
8.63
8.94
9.44
9.91
9.99
10.22
9.87
9.88
10.26
10.15
9.85
9.41
9.17
8.92
8.95
9.01
9.26
9.21
9.03
8.99
9.18
9.56
9.74
9.52
9.74
9.56
9.49
9.84
9.88
10.03
10.03
10.03
9.82
10.01
9.60
9.46
9.25
8.90
8.87
8.78
8.65
8.46
8.76
8.78
9.24
9.46
9.68
9.77
9.99
9.89
9.97
10.27
10.03
10.05
9.96
9.84
10.09
10.16
9.85
9.87
9.72
9.37
9.46
9.32
9.07
9.31
9.13
9.19
9.48
9.53
9.59
9.56
9.35
9.25
9.37
9.19
9.20
9.20
8.99
9.11
9.14
9.17
9.38
9.67
9.69
9.72
9.79
9.64
9.48
9.71
10.21
10.29
10.17
10.13
10.47
10.48
10.18
10.28
10.59
10.34
9.93
9.92
9.97
9.95
9.55
9.65
9.85
9.73
9.69
9.51
9.66
9.62
9.64
9.37
9.65
9.50
9.51
9.85
9.98
10.30
10.22
10.26
10.38
10.38
10.02
10.24
10.20
9.86
9.74
9.69
9.60
9.62
9.48
9.69
9.94
9.81
9.95
9.96
9.98
9.86
9.90
9.78
9.73
9.68
9.63
9.45
9.43
9.62
9.39
9.40
9.43
9.52
9.79
9.82
9.65
9.87
9.71
9.58
9.40
9.64
9.65
9.64
9.56
9.65
9.87
9.48
9.47
9.75
10.17
9.71
9.87
10.17
10.26
10.49
10.50
10.94
10.86
10.74
10.74
10.75
10.75
10.33
10.07
9.87
9.66
9.64
9.58
9.36
9.36
9.58
9.51
9.61
9.63
9.54
9.46
9.28
9.69
9.75
9.76
9.93
9.69
9.90
9.95
9.93
10.21
10.33
10.02
10.10
10.17
9.98
10.12
9.94
9.97
9.90
9.41
9.27
9.33
9.53
9.30
9.48
9.46
9.65
9.63
9.71
10.17
10.38
10.45
10.30
10.24
10.04
10.14
9.76
9.79
9.96
10.17
10.09
10.25
10.23
10.15
10.27
10.36
10.66
10.79
10.71
10.28
10.05
10.05
10.10
10.49
10.40
10.23
10.39
10.21
10.39
10.67
10.65
10.60
10.70
10.64
10.68
10.50
10.07
10.17
9.90
10.05
10.49
10.52
10.53
10.52
10.58
10.89
11.28
11.05
11.26
11.00
10.94
11.14
10.93
10.96
11.05
11.01
10.95
11.15
11.14
11.39
11.34
11.11
10.87
10.57
10.62
10.46
10.37
10.48
10.56
10.43
10.35
10.40
10.66
11.09
11.01
11.31
11.49
11.42
11.34
11.22
11.41
11.31
11.52
11.56
11.56
11.33
11.04
11.17
11.07
10.98
10.93
11.13
10.84
10.72
10.70
10.85
11.08
10.90
10.88
11.12
11.18
11.29
11.56
11.47
11.67
11.67
11.87
11.86
12.11
12.01
11.71
11.57
11.47
11.34
11.15
11.30
10.98
11.24
11.11
10.90
10.92
10.73
10.75
10.83
10.88
10.52
10.61
10.37
10.28
10.52
10.84
10.82
10.72
10.74
10.66
11.02
10.98
11.11
11.21
11.13
11.00
11.03
11.11
11.11
10.92
10.90
10.84
10.83
10.81
10.94
10.83
10.93
10.83
10.77
11.05
10.98
11.00
10.86
10.84
10.83
11.01
11.23
11.27
11.51
11.52
11.42
11.41
11.55
11.64
11.85
11.65
11.31
11.62
11.44
11.43
11.41
11.40
11.37
11.19
10.94
10.97
11.22
11.17
11.25
11.31
11.33
11.50
11.55
11.74
11.67
11.80
11.62
11.55
11.56
11.44
11.67
11.77
11.87
11.90
11.98
11.81
11.66
11.58
11.64
11.66
11.55
11.53
11.28
11.16
11.05
11.13
11.37
11.29
11.28
11.31
11.20
11.24
11.29
11.17
11.20
11.26
11.15
11.29
11.11
11.26
11.49
11.48
11.59
11.87
12.02
12.13
12.27
12.20
12.25
12.19
12.07
11.99
11.91
11.89
11.79
11.71
11.31
11.38
11.21
11.23
11.19
11.15
11.03
11.06
11.11
11.19
11.53
11.50
11.78
11.70
11.67
11.84
12.13
12.14
12.21
12.34
12.53
12.50
12.37
12.38
12.31
12.13
12.00
11.99
12.08
11.75
11.64
11.71
11.79
11.77
11.95
11.94
11.95
12.00
11.86
11.99
11.98
11.91
12.08
11.85
11.73
11.86
11.87
11.67
11.65
11.72
11.82
12.05
12.02
12.29
12.25
12.27
12.38
12.55
12.59
12.50
12.23
12.14
11.78
11.72
11.91
11.85
11.83
11.58
11.49
11.53
11.58
11.53
11.82
11.77
11.86
11.91
11.81
12.02
12.16
11.99
12.04
12.12
12.22
12.26
12.19
12.13
12.32
12.24
12.31
12.34
12.55
12.25
12.11
12.20
12.15
12.12
11.83
11.93
11.96
12.11
11.83
11.97
12.10
12.22
12.20
12.01
12.06
11.92
11.81
11.83
12.11
12.17
12.16
12.19
12.22
12.47
12.49
12.43
12.43
12.49
12.18
12.13
12.12
12.06
12.14
11.90
11.98
12.07
12.31
12.32
12.62
12.74
12.67
12.69
12.51
12.79
12.80
12.94
12.86
12.75
12.56
12.54
12.49
12.51
12.60
12.56
12.71
12.73
12.77
12.76
12.83
12.79
12.95
12.92
12.90
13.01
12.90
12.96
12.99
13.15
13.31
13.35
13.36
13.28
13.47
13.44
13.54
13.34
13.21
13.22
13.11
13.13
13.17
13.31
13.30
13.27
13.23
13.32
13.42
13.32
13.35
13.40
13.40
13.29
13.03
13.10
13.07
13.08
12.99
13.03
13.16
13.15
13.05
13.05
13.25
13.28
13.17
13.21
13.24
13.27
13.22
13.25
13.20
13.35
13.29
13.26
13.28
13.31
13.17
13.12
13.00
13.03
13.22
13.24
13.33
13.37
13.54
13.55
13.77
13.77
13.90
13.87
13.86
13.83
13.80
13.82
13.76
13.73
13.72
13.76
13.64
13.64
13.61
13.58
13.62
13.63
13.68
13.81
13.72
13.84
13.83
13.72
13.83
13.81
13.78
13.68
13.70
13.64
13.74
13.73
13.70
13.89
13.85
13.86
13.85
13.84
13.88
13.95
13.91
13.79
13.85
13.81
13.72
13.62
13.68
13.60
13.52
13.49
13.54
13.59
13.76
13.77
13.73
13.82
13.76
13.98
13.97
13.88
13.79
13.80
13.78
13.79
13.89
13.92
13.91
13.80
13.76
13.80
13.81
13.78
13.54
13.47
13.44
13.49
13.52
13.61
13.65
13.60
13.57
13.59
13.69
13.76
13.77
13.57
13.59
13.58
13.64
13.74
13.81
13.80
13.94
13.93
13.90
14.03
14.06
13.92
13.95
13.89
13.89
13.90
13.82
13.69
13.72
13.72
13.69
13.71
13.56
13.60
13.57
13.58
13.65
13.80
13.74
13.75
13.73
13.80
13.95
13.84
13.93
14.01
14.01
13.91
13.90
13.81
13.84
13.82
13.75
13.80
13.77
13.67
13.70
13.69
13.76
13.96
13.88
13.81
13.93
13.98
13.92
14.01
13.90
13.94
13.90
13.88
13.99
14.14
14.04
14.10
14.20
14.20
14.28
14.25
14.34
14.15
14.11
14.14
14.15
14.08
14.04
13.95
13.84
13.93
13.88
13.94
13.93
13.86
13.87
13.83
13.81
13.87
13.91
13.86
13.87
13.82
13.87
13.89
13.89
13.89
13.95
13.96
13.98
13.84
13.78
13.85
13.80
13.77
13.77
13.85
13.66
13.56
13.59
13.57
13.61
13.65
13.63
13.59
13.53
13.53
13.68
13.75
13.68
13.81
13.88
13.92
13.95
13.91
13.99
14.00
14.01
14.05
14.09
14.10
14.02
13.98
14.08
14.17
14.11
14.11
14.10
14.00
14.06
14.07
14.17
14.06
13.88
13.95
14.03
13.91
13.86
13.85
13.86
13.80
13.75
13.75
13.82
13.70
13.67
13.69
13.76
13.83
13.71
13.59
13.56
13.59
13.57
13.61
13.48
13.45
13.36
13.34
13.46
13.57
13.60
13.64
13.71
13.67
13.82
13.86
13.76
13.83
13.80
13.88
13.79
13.86
13.74
13.77
13.76
13.86
13.89
13.79
13.79
13.70
13.68
13.50
13.49
13.54
13.47
13.23
13.25
13.31
13.22
13.29
13.28
13.28
13.33
13.34
13.32
13.48
13.59
13.53
13.62
13.61
13.67
13.79
13.72
13.53
13.45
13.46
13.31
13.30
13.23
13.23
13.24
13.27
13.42
13.30
13.40
13.38
13.51
13.59
13.61
13.71
13.71
13.73
13.57
13.81
13.90
13.89
13.92
13.88
13.93
13.83
13.88
13.75
13.82
13.77
13.76
13.81
13.75
13.83
13.80
13.79
13.73
13.79
13.80
13.78
13.78
13.78
13.80
13.78
13.83
13.84
13.82
13.80
13.84
14.04
13.89
13.82
13.76
13.72
13.70
13.79
13.84
13.90
13.87
13.61
13.66
13.63
13.74
13.73
13.76
13.70
13.54
13.46
13.38
13.49
13.42
13.38
13.31
13.25
13.21
13.19
13.18
13.22
13.33
13.24
13.37
13.39
13.40
13.45
13.45
13.45
13.63
13.58
13.52
13.65
13.57
13.63
13.64
13.57
13.61
13.52
13.51
13.51
13.51
13.44
13.51
13.55
13.52
13.55
13.46
13.58
13.57
13.45
13.39
13.41
13.42
13.34
13.36
13.49
13.52
13.45
13.41
13.62
13.72
13.79
13.80
13.91
13.85
13.80
13.83
13.82
13.92
13.90
13.85
13.75
13.76
13.64
13.71
13.65
13.55
13.58
13.60
13.65
13.77
13.83
13.85
13.93
13.92
13.97
14.01
14.10
14.08
14.04
13.87
13.96
13.99
13.91
13.91
13.74
13.80
13.54
13.37
13.33
13.30
13.12
12.96
13.01
13.01
13.06
13.01
13.25
13.32
13.39
13.45
13.53
13.64
13.62
13.60
13.69
13.75
13.61
13.65
13.63
13.77
13.73
13.66
13.65
13.67
13.61
13.51
13.59
13.58
13.58
13.49
13.52
13.51
13.63
13.57
13.56
13.64
13.63
13.57
13.55
13.50
13.59
13.59
13.52
13.47
13.61
13.59
13.60
13.66
13.59
13.68
13.59
13.57
13.49
13.50
13.36
13.32
13.37
13.41
13.38
13.35
13.27
13.32
13.37
13.47
13.55
13.60
13.57
13.51
13.49
13.46
13.49
13.52
13.52
13.43
13.25
13.15
13.13
13.14
13.23
13.17
13.02
12.89
12.81
12.79
12.89
13.01
12.94
12.80
12.77
12.71
12.93
12.98
13.00
13.01
13.02
12.92
12.96
13.06
13.10
13.19
13.14
13.17
13.14
13.21
13.23
13.19
13.05
13.05
13.03
13.08
12.97
12.93
13.00
12.99
12.97
13.09
13.25
13.27
13.21
13.26
13.31
13.39
13.45
13.50
13.47
13.38
13.28
13.27
13.28
13.21
13.31
13.26
13.29
13.15
13.23
13.30
13.31
13.29
13.26
13.26
13.19
13.23
13.17
13.31
13.27
13.16
13.21
13.22
13.34
13.26
13.31
13.29
13.24
13.22
13.20
13.26
13.26
13.21
13.10
13.12
13.13
13.01
13.06
12.98
13.11
13.14
13.16
13.07
13.06
13.14
13.16
13.20
13.25
13.33
13.31
13.20
13.21
13.40
13.34
13.31
13.27
13.26
13.17
13.12
13.03
13.13
13.07
13.07
13.24
13.07
13.03
13.08
13.05
13.08
13.07
13.03
13.01
12.97
12.93
13.00
13.04
13.10
13.21
13.20
13.20
13.24
13.23
13.21
13.17
13.21
13.28
13.17
13.14
13.16
13.18
13.10
13.19
13.28
13.38
13.32
13.29
13.18
13.10
13.06
12.95
12.91
12.96
12.83
12.77
12.81
12.82
13.01
12.98
13.00
12.92
13.04
12.86
12.90
12.81
12.69
12.65
12.58
12.57
12.43
12.58
12.45
12.61
12.63
12.64
12.78
12.69
12.75
12.82
12.85
12.74
12.81
12.71
12.69
12.78
12.88
12.92
12.91
12.97
12.95
13.15
13.19
13.21
13.11
13.13
13.08
13.08
13.08
13.06
13.11
13.04
13.09
13.15
13.27
13.20
13.07
12.98
12.89
12.92
12.98
12.99
12.78
12.75
12.70
12.80
12.94
13.06
13.20
13.16
13.16
13.19
13.34
13.29
13.28
13.26
13.25
13.23
13.14
13.11
13.16
13.06
13.03
13.09
13.21
13.16
13.23
13.28
13.30
13.32
13.16
13.15
13.27
13.31
13.22
13.28
13.17
13.18
13.20
13.16
13.32
13.47
13.36
13.32
13.40
13.36
13.46
13.47
13.48
13.48
13.36
13.24
13.28
13.23
13.14
13.13
13.18
13.04
12.97
13.07
13.12
13.15
13.11
13.17
13.22
13.34
13.25
13.25
13.17
13.14
13.18
13.16
13.16
13.16
13.21
12.99
12.93
13.04
13.26
13.25
13.29
13.29
13.34
13.36
13.36
13.53
13.51
13.48
13.49
13.50
13.51
13.57
13.63
13.63
13.55
13.40
13.50
13.40
13.42
13.35
13.29
13.37
13.31
13.27
13.26
13.18
13.18
13.23
13.20
13.18
13.21
13.14
13.18
13.28
13.34
13.38
13.28
13.19
13.11
13.17
13.12
13.17
13.07
12.99
12.95
12.96
13.10
13.26
13.20
13.20
13.23
13.22
13.35
13.39
13.36
13.35
13.29
13.25
13.39
13.47
13.48
13.51
13.52
13.46
13.56
13.75
13.77
13.85
13.77
13.73
13.69
13.58
13.53
13.60
13.51
13.51
13.42
13.39
13.45
13.46
13.50
13.60
13.65
13.55
13.53
13.34
13.40
13.44
13.39
13.25
13.21
13.19
13.09
13.13
13.22
13.37
13.42
13.45
13.47
13.64
13.62
13.62
13.60
13.64
13.65
13.58
13.50
13.45
13.55
13.55
13.61
13.66
13.66
13.59
13.51
13.53
13.56
13.47
13.32
13.23
13.22
13.04
13.03
13.07
13.10
13.04
13.11
13.21
13.18
13.28
13.30
13.30
13.41
13.33
13.26
13.38
13.32
13.30
13.37
13.27
13.23
13.30
13.22
13.37
13.44
13.41
13.39
13.30
13.34
13.30
13.41
13.37
13.34
13.15
13.21
13.22
13.13
13.23
13.20
13.24
13.10
13.13
13.13
13.24
13.24
13.24
13.38
13.41
13.38
13.43
13.51
13.49
13.52
13.53
13.45
13.40
13.32
13.23
13.11
13.11
13.13
13.16
13.20
13.28
13.21
13.31
13.41
13.52
13.61
13.64
13.63
13.53
13.39
13.28
13.39
13.26
13.30
13.26
13.32
13.27
13.20
13.20
13.30
13.39
13.42
13.53
13.41
13.31
13.28
13.32
13.40
13.54
13.52
13.55
13.60
13.53
13.58
13.58
13.62
13.46
13.45
13.44
13.47
13.37
13.26
13.29
13.26
13.43
13.31
13.51
13.49
13.55
13.50
13.50
13.56
13.60
13.44
13.36
13.48
13.46
13.44
13.41
13.38
13.44
13.40
13.37
13.60
13.46
13.43
13.37
13.37
13.30
13.32
13.31
13.35
13.32
13.31
13.47
13.45
13.45
13.45
13.50
13.48
13.47
13.42
13.48
13.51
13.51
13.51
13.34
13.31
13.29
13.44
13.44
13.47
13.45
13.43
13.39
13.38
13.41
13.40
13.29
13.21
13.23
13.28
13.25
13.16
13.16
13.24
13.39
13.49
13.57
13.56
13.46
13.40
13.42
13.47
13.49
13.46
13.36
13.29
13.31
13.41
13.41
13.45
13.35
13.40
13.43
13.35
13.48
13.59
13.60
13.49
13.57
13.54
13.63
13.56
13.42
13.51
13.48
13.40
13.33
13.42
13.37
13.20
13.17
13.19
13.18
13.18
13.18
13.14
13.21
13.13
13.17
13.35
13.38
13.37
13.45
13.51
13.58
13.71
13.67
13.76
13.79
13.72
13.73
13.77
13.76
13.58
13.53
13.35
13.40
13.36
13.33
13.25
13.27
13.28
13.36
13.45
13.44
13.54
13.53
13.28
13.18
13.32
13.34
13.18
13.07
13.14
13.15
13.07
13.16
13.36
13.48
13.46
13.45
13.54
13.54
13.50
13.49
13.57
13.44
13.47
13.36
13.43
13.42
13.40
13.38
13.45
13.42
13.32
13.30
13.19
13.19
13.20
13.15
13.07
13.12
12.92
12.84
12.84
12.81
12.93
12.92
12.86
12.88
12.98
12.95
13.04
13.14
13.13
13.18
13.14
13.23
13.25
13.26
13.23
13.22
13.18
13.07
13.13
13.21
13.16
13.13
13.16
13.06
13.13
13.14
13.13
13.22
13.13
13.05
13.09
13.11
12.99
12.99
12.97
12.96
13.04
13.06
13.13
13.17
13.23
13.14
13.19
13.30
13.28
13.32
13.20
13.16
13.26
13.22
13.18
13.28
13.33
13.28
13.33
13.43
13.59
13.52
13.26
13.37
13.34
13.27
13.32
13.46
13.44
13.37
13.23
13.23
13.47
13.35
13.45
13.41
13.31
13.15
13.03
12.95
13.09
13.21
13.13
13.16
13.12
13.27
13.30
13.27
13.38
13.47
13.47
13.45
13.60
13.69
13.55
13.51
13.55
13.56
13.47
13.49
13.42
13.44
13.36
13.25
13.33
13.33
13.30
13.26
13.36
13.34
13.40
13.32
13.39
13.40
13.28
13.19
13.12
13.13
13.07
13.01
12.93
13.06
13.01
12.93
13.17
13.24
13.26
13.33
13.42
13.47
13.46
13.38
13.34
13.51
13.42
13.33
13.45
13.51
13.47
13.41
13.47
13.50
13.54
13.49
13.55
13.61
13.52
13.52
13.56
13.52
13.51
13.48
13.48
13.50
13.38
13.46
13.40
13.33
13.31
13.27
13.19
13.15
13.06
13.10
13.22
13.24
13.14
13.20
13.08
13.14
13.30
13.34
13.34
13.20
13.08
13.06
13.21
13.06
13.12
13.16
13.05
12.96
13.05
13.03
13.06
13.01
13.03
13.09
13.06
13.17
13.12
13.16
13.13
13.27
13.18
13.09
13.02
13.12
13.23
13.10
13.15
13.18
13.08
13.04
13.21
13.33
13.46
13.50
13.50
13.45
13.16
13.15
13.20
13.27
13.16
13.11
13.02
12.97
12.91
13.04
13.30
13.35
13.33
13.23
13.22
13.24
13.18
13.11
12.99
12.97
13.02
12.91
13.02
12.92
12.82
12.80
12.75
12.86
13.04
13.01
12.93
13.01
12.99
13.04
13.09
13.14
13.22
13.14
13.09
13.20
13.26
13.32
13.33
13.41
13.57
13.62
13.65
13.69
13.71
13.67
13.77
13.70
13.55
13.49
13.36
13.25
13.18
13.11
13.13
13.01
12.91
12.96
13.00
12.98
13.15
13.15
13.19
13.20
13.17
13.24
13.25
13.18
13.27
13.41
13.38
13.45
13.51
13.63
13.65
13.75
13.76
13.80
13.70
13.71
13.70
13.68
13.64
13.56
13.57
13.59
13.58
13.62
13.72
13.66
13.67
13.61
13.67
13.67
13.55
13.51
13.57
13.63
13.73
13.64
13.62
13.73
13.65
13.65
13.68
13.65
13.57
13.50
13.45
13.52
13.47
13.41
13.47
13.61
13.66
13.70
13.78
13.71
13.66
13.72
13.86
13.87
13.90
13.81
13.88
13.84
13.76
13.85
13.78
13.55
13.38
13.35
13.29
13.21
13.18
13.22
13.26
13.21
13.25
13.46
13.54
13.63
13.59
13.61
13.60
13.54
13.44
13.48
13.54
13.47
13.47
13.28
13.37
13.44
13.47
13.56
13.59
13.59
13.49
13.42
13.37
13.39
13.39
13.39
13.32
13.20
13.26
13.23
13.32
13.35
13.43
13.48
13.46
13.34
13.43
13.41
13.47
13.52
13.56
13.63
13.66
13.76
13.79
13.88
13.91
13.96
13.90
13.90
13.87
13.95
13.81
13.74
13.77
13.83
13.70
13.63
13.67
13.64
13.67
13.65
13.76
13.83
13.85
13.83
13.88
13.98
13.99
13.99
13.82
13.80
13.76
13.65
13.44
13.38
13.37
13.36
13.30
13.35
13.55
13.55
13.55
13.67
13.88
13.89
13.95
13.96
14.07
13.89
13.84
13.80
13.85
13.76
13.70
13.80
13.75
13.57
13.49
13.63
13.57
13.66
13.69
13.80
13.84
13.76
13.76
13.95
13.95
13.98
13.95
