8.00
9.20
9.30
9.03
9.30
9.33
9.30
9.34
9.16
9.06
9.28
9.01
8.99
9.10
9.02
8.98
8.87
8.96
9.06
8.97
8.97
9.07
9.10
9.06
8.97
8.73
8.90
8.69
8.99
9.09
8.96
9.08
9.03
8.81
8.71
8.87
9.00
9.20
8.80
8.82
9.00
8.76
8.44
8.65
9.04
9.17
8.98
8.90
8.94
8.66
8.56
8.75
9.01
8.77
8.76
8.72
8.78
8.55
8.64
9.22
9.04
8.84
8.69
9.01
8.81
8.54
8.46
8.43
8.51
7.84
7.86
8.25
8.63
8.43
8.31
8.32
8.03
8.12
8.32
8.50
8.58
8.59
8.23
8.13
8.21
8.51
8.95
8.82
8.81
8.92
8.98
8.71
8.56
8.78
8.69
8.76
8.59
8.65
8.50
8.73
8.59
8.58
8.84
9.06
9.01
9.00
9.07
9.15
9.09
8.91
8.86
8.98
9.16
8.83
8.84
8.79
8.71
8.84
8.90
9.17
9.18
8.87
8.91
9.12
9.39
9.48
9.69
9.71
9.83
9.75
10.00
10.12
9.99
9.67
9.51
9.16
9.13
9.28
8.70
8.76
8.51
8.83
8.83
9.17
9.12
9.43
9.24
9.27
9.56
9.47
9.63
9.58
9.52
9.58
9.74
9.65
9.92
9.88
9.84
9.95
10.10
9.74
9.88
9.79
9.76
9.82
9.44
9.31
9.54
9.44
9.36
9.65
9.79
9.93
10.09
9.88
10.11
10.27
10.25
10.27
10.11
10.33
9.96
9.79
9.42
9.67
9.94
9.91
9.83
9.64
9.81
9.67
9.91
10.22
10.33
10.23
9.89
9.50
9.38
9.36
9.21
9.35
9.12
8.82
8.92
9.11
9.05
9.34
9.65
9.78
9.75
9.62
9.73
9.75
9.72
9.58
9.70
9.62
9.43
9.51
9.87
9.84
9.83
9.84
9.86
9.89
9.79
9.99
10.26
10.28
9.84
9.67
9.93
9.98
10.05
10.00
10.20
10.12
9.74
9.76
10.07
10.41
10.01
9.95
10.02
9.92
9.80
9.83
10.05
9.91
9.68
9.51
9.65
9.53
9.55
9.78
9.73
9.87
9.70
9.53
9.62
9.64
9.76
9.88
9.60
9.50
9.67
9.37
9.54
9.74
9.68
9.67
9.83
10.12
10.09
10.00
9.81
10.06
10.03
9.95
9.92
9.92
9.69
9.58
9.53
9.68
9.70
9.40
9.25
9.23
9.47
9.53
9.75
9.64
9.87
9.75
9.85
9.86
9.93
10.11
10.02
9.96
9.88
9.99
10.06
9.97
10.02
10.20
10.40
10.35
10.40
10.49
10.18
10.04
10.12
10.20
10.23
10.27
10.20
10.21
10.15
9.97
10.20
10.21
10.11
10.41
10.49
10.65
10.41
10.62
10.82
10.74
10.80
10.66
10.79
10.28
10.34
10.06
10.26
10.31
10.24
10.54
10.58
10.72
10.50
10.91
10.59
10.67
10.78
10.74
10.55
10.38
10.46
10.31
10.47
10.48
10.77
10.89
10.72
10.66
10.95
10.82
10.88
11.09
11.07
10.96
11.03
10.96
11.08
10.97
11.00
10.87
10.93
10.93
10.89
10.99
10.95
10.90
10.86
10.69
10.31
10.69
10.55
10.72
10.79
10.74
10.36
10.50
10.67
11.05
11.38
11.17
11.25
11.13
11.00
11.11
11.36
11.13
11.02
10.97
10.85
10.98
10.88
10.79
11.00
10.97
11.18
11.34
11.51
11.20
11.35
11.45
11.43
11.69
11.75
11.69
11.45
11.30
11.30
11.46
11.59
11.59
11.68
11.64
11.44
11.21
11.18
11.32
11.22
11.35
11.30
11.26
11.15
11.14
11.06
11.48
11.62
11.67
11.55
11.49
11.57
11.73
11.78
11.70
11.57
11.30
11.24
11.28
11.46
11.26
11.05
11.09
11.15
11.04
11.24
11.12
11.17
11.27
11.20
11.44
11.58
11.24
11.44
11.35
11.51
11.61
11.59
11.55
11.61
11.77
11.69
11.89
11.60
11.95
11.87
11.90
12.04
11.85
11.95
11.76
11.84
11.81
11.75
11.64
11.65
11.80
11.89
12.05
11.97
12.15
12.00
12.02
12.27
12.27
12.35
12.23
11.97
11.88
11.73
11.52
11.66
11.75
11.62
11.73
11.69
11.94
11.99
12.21
12.38
12.38
12.31
12.27
12.44
12.44
12.51
12.34
12.54
12.48
12.46
12.59
12.68
12.80
12.68
12.51
12.44
12.65
12.55
12.20
12.01
12.02
11.93
11.87
11.81
11.91
11.99
11.93
11.94
12.31
12.46
12.44
12.58
12.57
12.76
12.68
12.70
12.58
12.61
12.64
12.66
12.41
12.42
12.48
12.42
12.47
12.52
12.50
12.60
12.45
12.50
12.62
12.47
12.27
12.21
12.29
12.37
12.54
12.52
12.42
12.52
12.71
12.69
12.81
12.83
12.73
12.66
12.35
12.11
12.33
12.23
11.89
11.77
11.39
11.49
11.63
11.35
11.59
11.87
11.77
11.71
12.03
12.37
12.58
12.57
12.57
12.85
12.97
12.77
12.68
12.84
12.91
12.77
12.91
12.88
12.73
12.62
12.44
12.36
12.54
12.29
12.08
12.07
12.14
12.09
12.14
12.15
12.25
12.52
12.48
12.56
12.79
12.69
12.61
12.72
12.83
12.97
13.02
12.91
12.89
13.02
12.84
12.85
13.01
12.78
12.71
12.60
12.53
12.53
12.39
12.24
12.11
12.15
12.04
12.25
12.11
12.16
12.28
12.24
12.38
12.35
12.61
12.59
12.68
12.51
12.70
12.73
12.73
12.75
12.86
13.04
13.09
13.24
13.23
13.41
13.42
13.50
13.25
13.35
13.39
13.38
13.37
13.22
13.32
13.24
13.19
13.07
13.33
13.35
13.29
13.18
13.25
13.40
13.14
13.28
13.30
13.16
13.14
13.14
13.22
13.28
13.23
13.25
13.39
13.16
13.15
13.30
13.30
13.25
13.13
13.23
13.23
13.25
13.27
13.28
13.37
13.40
13.42
13.34
13.36
13.39
13.46
13.40
13.50
13.49
13.45
13.29
13.29
13.37
13.38
13.33
13.18
13.12
12.91
13.11
12.99
13.11
13.08
13.14
13.16
13.16
13.16
13.33
13.46
13.44
13.54
13.63
13.62
13.48
13.54
13.55
13.64
13.57
13.61
13.66
13.76
13.75
13.83
13.95
13.85
13.86
13.91
13.78
13.73
13.68
13.53
13.30
13.21
13.19
13.13
13.15
13.08
13.19
13.26
13.18
13.21
13.41
13.46
13.47
13.61
13.58
13.63
13.63
13.51
13.53
13.49
13.54
13.39
13.48
13.33
13.23
13.11
12.91
12.85
12.95
12.96
12.92
13.05
12.88
13.00
12.89
12.86
12.95
12.97
12.98
13.12
12.99
12.97
12.97
13.02
13.09
13.09
13.16
13.23
13.21
13.07
13.15
13.16
12.97
12.93
13.07
13.27
13.34
13.45
13.48
13.55
13.62
13.56
13.72
13.62
13.60
13.54
13.51
13.41
13.25
13.36
13.24
13.29
13.37
13.53
13.52
13.49
13.58
13.66
13.83
13.76
13.88
13.88
13.92
13.90
13.87
13.92
13.96
13.94
13.87
13.93
13.91
13.98
14.03
14.04
14.03
14.05
13.84
13.89
13.99
13.90
13.92
13.81
13.71
13.76
13.76
13.79
13.92
13.90
13.81
13.78
13.81
13.90
13.97
13.80
13.86
13.68
13.64
13.67
13.72
13.76
13.64
13.64
13.69
13.66
13.73
13.82
13.93
13.77
13.69
13.74
13.87
13.89
13.91
14.13
14.07
14.03
13.93
14.08
14.14
14.08
14.10
14.06
14.01
14.00
14.03
14.13
14.20
14.15
14.11
14.16
14.18
14.19
14.19
14.21
14.11
14.16
14.08
14.05
14.07
14.09
14.00
14.09
14.10
13.96
14.04
14.04
14.04
14.11
14.18
14.15
14.24
14.24
14.17
14.28
14.33
14.24
14.29
14.30
14.29
14.37
14.21
14.14
14.20
14.19
14.19
14.15
14.02
13.98
13.98
13.94
14.09
14.09
14.13
14.07
14.08
14.19
14.37
14.40
14.38
14.32
14.30
14.20
14.22
14.29
14.25
14.25
14.21
14.11
14.08
14.11
14.13
14.27
14.16
14.16
14.19
14.10
14.07
14.22
14.23
14.29
14.32
14.31
14.41
14.32
14.30
14.36
14.35
14.29
14.33
14.32
14.14
14.19
14.10
14.20
14.25
14.28
14.30
14.20
14.17
14.19
14.32
14.31
14.35
14.35
14.35
14.34
14.30
14.44
14.48
14.43
14.44
14.44
14.46
14.48
14.46
14.51
14.61
14.60
14.56
14.59
14.47
14.38
14.24
14.15
14.13
14.08
14.05
13.98
13.99
13.89
13.95
13.96
14.09
14.17
14.14
14.17
14.08
14.15
14.17
14.29
14.38
14.47
14.53
14.53
14.51
14.52
14.59
14.59
14.53
14.49
14.49
14.45
14.34
14.16
14.21
14.22
14.24
14.21
14.20
14.19
14.11
14.04
14.07
14.22
14.26
14.26
14.29
14.31
14.37
14.38
14.46
14.53
14.57
14.46
14.50
14.48
14.41
14.35
14.38
14.41
14.39
14.39
14.43
14.59
14.55
14.58
14.66
14.69
14.70
14.70
14.69
14.65
14.60
14.59
14.62
14.59
14.58
14.63
14.64
14.57
14.50
14.57
14.59
14.59
14.55
14.57
14.61
14.58
14.57
14.67
14.77
14.78
14.78
14.76
14.77
14.75
14.71
14.76
14.78
14.71
14.64
14.57
14.59
14.61
14.64
14.64
14.65
14.66
14.65
14.70
14.78
14.85
14.83
14.83
14.75
14.76
14.79
14.74
14.74
14.65
14.63
14.60
14.60
14.59
14.59
14.59
14.59
14.64
14.63
14.66
14.66
14.68
14.68
14.58
14.63
14.58
14.56
14.54
14.55
14.61
14.54
14.54
14.56
14.61
14.59
14.66
14.66
14.65
14.66
14.64
14.69
14.71
14.67
14.74
14.80
14.80
14.82
14.83
14.80
14.83
14.85
14.83
14.88
14.84
14.81
14.77
14.77
14.78
14.77
14.69
14.67
14.64
14.59
14.59
14.58
14.62
14.62
14.62
14.65
14.72
14.77
14.80
14.86
14.88
14.90
14.88
14.88
14.85
14.85
14.86
14.86
14.87
14.86
14.85
14.86
14.85
14.85
14.88
14.82
14.78
14.76
14.77
14.78
14.78
14.78
14.71
14.70
14.71
14.74
14.79
14.80
14.77
14.74
14.74
14.67
14.75
14.75
14.74
14.78
14.74
14.71
14.74
14.76
14.78
14.84
14.86
14.80
14.78
14.74
14.76
14.79
14.75
14.74
14.74
14.72
14.67
14.68
14.62
14.58
14.60
14.61
14.63
14.63
14.64
14.67
14.70
14.75
14.74
14.79
14.77
14.76
14.78
14.80
14.78
14.79
14.73
14.71
14.68
14.71
14.71
14.71
14.70
14.69
14.71
14.71
14.77
14.80
14.89
14.84
14.84
14.80
14.78
14.78
14.77
14.75
14.76
14.71
14.74
14.73
14.73
14.76
14.74
14.73
14.74
14.66
14.65
14.69
14.62
14.66
14.68
14.70
14.69
14.69
14.68
14.77
14.76
14.77
14.83
14.84
14.80
14.79
14.81
14.79
14.80
14.80
14.77
14.77
14.79
14.79
14.79
14.79
14.75
14.79
14.76
14.76
14.78
14.78
14.77
14.74
14.77
14.77
14.84
14.78
14.81
14.82
14.85
14.81
14.81
14.82
14.83
14.83
14.82
14.87
14.83
14.81
14.82
14.74
14.73
14.75
14.72
14.73
14.74
14.66
14.69
14.71
14.70
14.79
14.79
14.80
14.80
14.76
14.76
14.84
14.84
14.84
14.85
14.88
14.87
14.86
14.89
14.92
14.92
14.92
14.93
14.91
14.88
14.76
14.77
14.76
14.76
14.76
14.77
14.77
14.74
14.70
14.71
14.82
14.84
14.81
14.81
14.79
14.71
14.67
14.68
14.70
14.65
14.60
14.55
14.60
14.60
14.63
14.70
14.75
14.72
14.74
14.78
14.84
14.88
14.87
14.87
14.86
14.81
14.80
14.80
14.81
14.84
14.83
14.81
14.81
14.81
14.82
14.83
14.78
14.76
14.76
14.67
14.68
14.66
14.64
14.64
14.57
14.57
14.55
14.61
14.57
14.61
14.54
14.53
14.51
14.49
14.51
14.53
14.58
14.58
14.60
14.64
14.70
14.74
14.72
14.69
14.73
14.73
14.76
14.74
14.67
14.66
14.66
14.68
14.73
14.76
14.76
14.78
14.77
14.77
14.87
14.83
14.82
14.80
14.77
14.75
14.74
14.74
14.70
14.72
14.72
14.78
14.78
14.79
14.80
14.76
14.77
14.75
14.79
14.78
14.71
14.70
14.71
14.71
14.72
14.74
14.75
14.75
14.73
14.71
14.76
14.74
14.73
14.70
14.72
14.77
14.77
14.79
14.75
14.78
14.77
14.74
14.72
14.74
14.75
14.74
14.72
14.71
14.74
14.72
14.74
14.79
14.79
14.79
14.78
14.77
14.79
14.77
14.79
14.81
14.82
14.80
14.82
14.82
14.81
14.82
14.81
14.84
14.80
14.80
14.78
14.77
14.77
14.77
14.77
14.77
14.78
14.79
14.84
14.84
14.85
14.88
14.86
14.87
14.89
14.90
14.84
14.84
14.85
14.85
14.86
14.87
14.87
14.86
14.83
14.83
14.88
14.83
14.80
14.77
14.76
14.76
14.78
14.80
14.79
14.80
14.80
14.85
14.86
14.90
14.89
14.89
14.89
14.87
14.90
14.84
14.84
14.84
14.85
14.84
14.86
14.86
14.88
14.90
14.82
14.88
14.87
14.85
14.82
14.82
14.82
14.78
14.77
14.76
14.83
14.83
14.82
14.82
14.82
14.81
14.81
14.84
14.82
14.83
14.85
14.82
14.80
14.81
14.82
14.82
14.77
14.76
14.78
14.76
14.75
14.77
14.79
14.80
14.83
14.85
14.89
14.88
14.82
14.75
14.76
14.71
14.73
14.72
14.68
14.65
14.63
14.64
14.70
14.79
14.78
14.82
14.76
14.75
14.77
14.78
14.81
14.82
14.77
14.75
14.74
14.74
14.79
14.81
14.80
14.78
14.75
14.75
14.80
14.80
14.81
14.78
14.74
14.74
14.73
14.76
14.75
14.76
14.77
14.75
14.72
14.75
14.76
14.74
14.74
14.75
14.74
14.73
14.71
14.73
14.77
14.76
14.75
14.77
14.76
14.71
14.74
14.72
14.72
14.72
14.68
14.71
14.74
14.68
14.72
14.75
14.72
14.73
14.67
14.69
14.70
14.69
14.64
14.68
14.61
14.62
14.64
14.65
14.72
14.70
14.69
14.69
14.77
14.77
14.84
14.81
14.78
14.77
14.78
14.79
14.82
14.82
14.82
14.81
14.81
14.83
14.88
14.90
14.89
14.90
14.91
14.90
14.86
14.88
14.83
14.83
14.80
14.79
14.77
14.75
14.74
14.75
14.78
14.78
14.82
14.82
14.85
14.85
14.86
14.87
14.84
14.84
14.84
14.82
14.83
14.83
14.84
14.82
14.83
14.82
14.85
14.85
14.84
14.86
14.86
14.85
14.85
14.87
14.86
14.88
14.88
14.89
14.90
14.90
14.91
14.93
14.89
14.87
14.87
14.86
14.84
14.81
14.81
14.80
14.79
14.79
14.82
14.72
14.72
14.70
14.72
14.73
14.73
14.74
14.74
14.74
14.73
14.83
14.84
14.86
14.87
14.88
14.88
14.89
14.89
14.89
14.88
14.88
14.89
14.89
14.88
14.88
14.88
14.87
14.88
14.88
14.90
14.93
14.92
14.92
14.90
14.89
14.90
14.90
14.85
14.85
14.81
14.79
14.79
14.75
14.74
14.76
14.73
14.70
14.74
14.73
14.75
14.76
14.75
14.74
14.76
14.76
14.78
14.81
14.82
14.84
14.86
14.85
14.87
14.93
14.93
14.91
14.92
14.92
14.91
14.89
14.90
14.92
14.92
14.91
14.89
14.91
14.89
14.81
14.78
14.79
14.79
14.78
14.78
14.76
14.78
14.77
14.78
14.87
14.90
14.91
14.91
14.92
14.91
14.92
14.93
14.94
14.93
14.91
14.89
14.89
14.86
14.86
14.86
14.87
14.85
14.85
14.87
14.86
14.82
14.81
14.83
14.82
14.83
14.83
14.86
14.79
14.78
14.79
14.83
14.84
14.84
14.82
14.82
14.82
14.81
14.85
14.81
14.83
14.86
14.85
14.86
14.89
14.89
14.89
14.90
14.93
14.98
14.98
14.98
14.99
14.98
14.98
14.98
14.98
14.98
14.98
14.98
14.98
14.98
14.98
14.99
14.96
14.91
14.91
14.85
14.83
14.83
14.83
14.82
14.80
14.79
14.81
14.86
14.87
14.90
14.90
14.89
14.88
14.87
14.87
14.87
14.87
14.87
14.83
14.86
14.88
14.88
14.89
14.91
14.93
14.91
14.92
14.92
14.96
14.96
14.92
14.90
14.88
14.85
14.82
14.82
14.82
14.82
14.81
14.81
14.85
14.85
14.85
14.88
14.85
14.84
14.79
14.79
14.77
14.77
14.76
14.79
14.76
14.74
14.78
14.82
14.87
14.83
14.85
14.85
14.86
14.86
14.91
14.91
14.88
14.80
14.77
14.80
14.78
14.77
14.75
14.72
14.71
14.72
14.77
14.84
14.85
14.85
14.87
14.86
14.87
14.89
14.90
14.89
14.88
14.87
14.87
14.86
14.84
14.85
14.86
14.87
14.86
14.88
14.89
14.90
14.92
14.94
14.97
14.94
14.90
14.89
14.88
14.84
14.84
14.85
14.82
14.82
14.81
14.84
14.85
14.85
14.87
14.88
14.88
14.88
14.90
14.90
14.88
14.88
14.89
14.88
14.87
14.89
14.89
14.88
14.88
14.84
14.86
14.86
14.86
14.86
14.87
14.87
14.86
14.86
14.87
14.91
14.91
14.89
14.90
14.89
14.89
14.90
14.91
14.90
14.89
14.88
14.89
14.92
14.93
14.96
14.96
14.93
14.93
14.93
14.94
14.93
14.92
14.91
14.88
14.88
14.88
14.91
14.90
14.91
14.90
14.91
14.91
14.92
14.95
14.93
14.93
14.93
14.94
14.93
14.94
14.93
14.94
14.94
14.94
14.96
14.95
14.95
14.94
14.94
14.94
14.96
14.96
14.96
14.95
14.95
14.96
14.95
14.95
14.96
14.96
14.96
14.96
14.96
14.97
14.95
14.95
14.95
14.96
14.97
14.97
14.96
14.95
14.95
14.95
14.94
14.93
14.94
14.94
14.94
14.94
14.95
14.94
14.92
14.92
14.95
14.92
14.92
14.90
14.89
14.88
14.88
14.89
14.91
14.91
14.90
14.92
14.92
14.93
14.93
14.94
14.93
14.93
14.93
14.93
14.92
14.93
14.92
14.92
14.92
14.92
14.91
14.87
14.87
14.86
14.87
14.88
14.89
14.89
14.90
14.90
14.91
14.95
14.95
14.95
14.95
14.95
14.95
14.95
14.95
14.92
14.93
14.93
14.93
14.94
14.95
14.93
14.93
14.94
14.94
14.95
14.94
14.93
14.93
14.91
14.91
14.93
14.92
14.91
14.90
14.92
14.93
14.94
14.93
14.93
14.93
14.92
14.92
14.93
14.93
14.92
14.92
14.91
14.92
14.93
14.93
14.93
14.93
14.93
14.94
14.93
14.93
14.94
14.94
14.94
14.94
14.90
14.88
14.88
14.87
14.89
14.89
14.90
14.90
14.91
14.91
14.96
14.99
14.98
14.99
14.99
14.99
14.98
14.97
14.96
14.94
14.91
14.90
14.91
14.91
14.89
14.89
14.90
14.91
14.91
14.92
14.95
14.95
14.94
14.93
14.94
14.93
14.93
14.93
14.90
14.91
14.90
14.91
14.91
14.92
14.93
14.94
14.94
14.94
14.98
14.97
14.98
14.98
14.98
14.97
14.97
14.97
14.97
14.97
14.96
14.95
14.95
14.95
14.96
14.97
14.97
14.96
14.95
14.95
14.96
14.98
14.97
14.97
14.97
14.97
14.97
14.98
14.99
14.99
14.99
14.97
14.98
14.98
14.97
14.97
14.97
14.96
14.96
14.95
14.95
14.97
14.97
14.97
14.98
14.98
14.97
14.98
14.96
14.96
14.95
14.95
14.95
14.95
14.95
14.94
14.95
14.95
14.97
14.97
14.98
14.98
14.98
14.98
14.97
14.98
14.98
14.98
14.98
14.98
14.97
14.96
14.96
14.95
14.96
14.96
14.94
14.94
14.94
14.95
14.96
14.97
14.97
14.98
14.98
14.97
14.99
14.98
14.96
14.96
14.95
14.95
14.93
14.92
14.90
14.91
14.91
14.92
14.94
14.94
14.95
14.95
14.97
14.97
14.99
14.99
14.99
14.99
14.99
14.99
14.99
14.99
14.99
15.00
15.00
14.99
14.99
14.99
14.99
14.99
14.99
14.99
14.99
14.99
14.99
15.00
15.00
15.00
15.00
15.00
15.00
15.00
15.00
15.00
15.00
15.00
14.99
14.99
14.98
14.98
14.96
14.96
14.96
14.96
14.94
14.93
14.94
14.94
14.94
14.93
14.95
14.95
14.95
14.92
14.94
14.95
14.95
14.95
14.96
14.97
14.97
14.95
14.95
14.98
14.98
14.98
14.98
14.98
14.96
14.94
14.94
14.96
14.96
14.96
14.96
14.96
14.96
14.96
14.98
15.00
15.00
14.99
14.99
14.99
14.99
14.99
14.99
14.99
14.99
14.99
14.98
14.99
14.99
14.99
14.99
14.99
14.99
