10.10
9.65
9.13
9.15
9.52
9.20
9.47
9.25
9.46
9.64
9.46
9.50
9.33
9.42
9.29
9.50
9.33
9.11
8.84
8.69
8.99
8.76
9.08
9.05
9.14
8.88
8.88
9.25
9.26
9.16
9.01
9.21
9.33
9.49
9.17
9.40
9.44
9.62
9.85
9.80
10.02
10.03
10.03
9.81
9.86
9.61
9.44
9.33
9.25
9.32
9.14
9.01
9.02
9.04
9.17
9.70
9.86
9.83
9.80
9.84
9.65
9.63
9.63
9.73
9.89
9.57
9.33
9.49
9.55
9.45
9.57
9.52
9.34
9.15
9.07
9.16
9.40
9.10
8.94
8.86
8.79
8.90
8.97
8.95
8.75
8.49
8.52
8.50
8.50
8.66
8.39
8.52
8.33
8.43
8.39
8.62
8.60
8.74
8.96
9.10
9.12
9.26
9.54
9.44
9.50
9.68
9.61
9.48
9.01
8.69
9.07
8.94
8.75
8.70
8.72
8.12
8.31
8.65
8.76
8.95
8.94
8.75
9.02
9.31
9.51
9.80
9.72
9.56
9.88
9.76
9.49
9.69
9.70
9.46
9.35
9.32
9.36
9.46
9.27
9.40
9.56
9.63
9.47
9.32
9.44
9.78
9.32
9.13
9.18
9.11
9.37
9.28
9.20
9.65
9.65
9.49
10.03
9.97
9.60
9.65
9.30
9.43
9.58
9.24
9.19
9.25
9.07
9.05
9.32
9.20
9.37
9.37
9.09
9.08
9.15
9.09
8.90
9.04
9.43
9.43
9.25
9.18
9.34
9.47
9.43
9.51
9.69
9.87
9.47
9.78
9.77
9.87
9.84
10.11
10.00
9.95
9.78
9.14
9.22
9.16
9.46
9.35
9.35
9.00
9.17
9.17
9.26
9.64
9.47
9.22
8.89
8.80
8.93
9.23
9.15
8.95
8.96
8.88
9.07
9.51
9.44
9.47
9.42
9.43
9.66
9.83
9.93
10.23
10.15
9.88
9.98
9.73
9.62
9.23
9.03
9.09
9.24
9.15
9.35
9.31
9.43
9.86
9.87
10.09
10.08
9.94
9.61
9.69
9.86
9.83
9.84
9.92
9.74
9.80
9.79
9.87
10.13
10.05
9.48
9.69
9.73
9.50
10.08
9.88
9.91
9.87
9.81
9.76
10.05
9.85
9.73
9.74
9.20
9.36
9.19
9.31
9.34
9.22
9.37
9.37
9.55
9.50
9.63
9.41
9.26
9.04
9.01
9.32
9.16
8.93
8.89
8.96
8.81
8.93
9.32
9.61
9.45
9.22
9.36
9.65
9.41
9.24
9.57
9.74
9.61
9.56
9.49
9.62
9.49
9.29
9.39
9.44
9.25
8.93
8.78
8.66
8.74
8.51
8.59
8.87
8.85
9.02
9.19
9.35
9.52
9.42
9.80
9.95
9.81
9.68
9.94
9.99
10.09
10.07
9.97
10.21
10.06
10.01
10.26
10.26
10.17
10.10
9.78
9.78
9.73
9.64
9.54
9.76
9.48
9.59
9.82
9.79
9.95
10.04
10.31
10.04
10.18
10.07
10.49
10.48
10.26
10.24
10.30
10.51
10.45
10.79
10.77
10.44
10.11
9.95
9.91
9.97
10.01
9.91
9.99
10.02
10.04
10.20
10.09
10.14
10.28
10.31
10.19
10.28
10.18
10.10
9.87
9.98
10.16
10.34
10.14
10.03
10.02
9.84
9.75
9.73
9.78
9.84
9.95
9.94
10.10
10.15
10.16
10.04
9.75
9.84
9.67
9.73
9.53
9.58
9.55
9.68
9.72
9.67
10.12
10.01
10.22
10.24
10.15
10.03
10.16
10.06
10.02
10.31
10.36
10.38
10.43
10.32
10.73
10.58
10.27
10.15
10.23
10.13
9.97
10.01
10.16
10.26
10.05
10.23
10.20
10.03
10.11
10.20
10.35
10.35
10.29
10.14
10.31
10.13
10.44
10.68
10.47
10.48
10.34
10.27
10.22
10.25
9.96
10.15
10.07
10.25
10.36
10.24
10.39
10.60
10.57
10.56
10.51
10.31
10.17
9.97
9.89
9.95
9.91
9.61
9.58
9.74
10.25
10.61
10.95
10.85
10.56
10.65
10.79
10.80
10.80
10.89
10.47
10.28
9.90
10.12
10.54
10.43
10.13
10.32
10.38
10.30
10.50
10.58
10.99
10.92
11.04
11.11
11.10
11.00
11.07
10.72
10.58
10.60
10.42
10.24
10.16
10.29
10.44
10.72
10.50
11.05
11.15
11.22
11.13
11.38
11.23
10.93
10.86
10.77
10.99
10.78
10.71
10.57
10.84
10.83
10.82
11.00
10.99
10.95
10.99
11.00
11.22
11.41
11.39
11.38
11.46
11.33
11.57
11.39
11.47
11.36
11.15
11.00
10.91
11.07
11.09
11.41
11.12
11.35
11.27
11.40
11.44
11.77
11.79
11.58
11.69
11.48
11.54
11.46
11.05
11.06
11.28
11.10
10.90
11.09
11.06
11.23
11.26
10.94
11.48
11.39
11.42
11.33
11.55
11.38
11.42
11.43
11.58
12.11
11.82
11.59
11.36
11.42
11.31
11.50
11.40
11.30
11.24
11.11
11.24
11.54
11.69
11.56
11.44
11.09
11.12
11.28
11.23
11.26
10.98
11.07
11.02
11.06
11.13
11.25
11.47
11.45
11.31
11.34
11.78
11.67
11.55
11.69
11.72
11.97
11.97
11.68
11.70
11.70
11.47
11.44
11.59
11.55
11.64
11.53
11.43
11.39
11.66
11.64
11.64
11.43
11.41
11.43
11.18
11.17
11.03
11.16
10.93
10.85
10.82
11.18
11.08
10.97
11.20
11.32
11.32
11.39
11.77
11.83
11.87
11.78
11.94
12.07
11.91
11.42
11.42
11.49
11.26
11.18
11.31
11.26
11.10
11.03
11.32
11.85
12.02
11.95
11.81
11.97
11.71
11.76
11.78
11.61
11.42
11.28
11.39
11.33
11.33
11.20
11.43
11.65
11.87
12.09
12.23
12.05
11.93
11.86
11.96
11.97
12.09
11.96
11.84
11.86
11.57
11.85
11.80
11.95
12.03
12.06
12.01
11.72
11.63
11.59
11.85
11.91
11.88
12.03
11.92
12.03
12.10
12.38
12.51
12.59
12.57
12.41
12.50
12.43
12.47
12.35
12.19
12.14
11.99
11.95
12.06
12.25
12.17
12.08
12.25
12.25
12.25
12.30
12.51
12.43
12.44
12.18
12.24
12.35
12.33
12.26
12.27
12.32
12.33
12.52
12.44
12.56
12.50
12.56
12.60
12.62
12.71
12.75
12.82
12.67
12.83
12.85
12.83
12.77
12.77
12.89
12.92
12.90
12.81
12.67
12.57
12.57
12.57
12.50
12.46
12.56
12.42
12.38
12.42
12.51
12.52
12.59
12.66
12.72
12.53
12.39
12.53
12.50
12.59
12.73
12.73
12.53
12.64
12.63
12.73
12.75
12.53
12.62
12.62
12.67
12.74
12.96
12.94
12.90
13.04
13.13
13.34
13.39
13.39
13.28
13.28
13.37
13.36
13.22
13.21
13.14
13.14
12.90
12.77
12.80
12.69
12.60
12.46
12.57
12.54
12.38
12.48
12.69
12.74
12.78
12.96
12.62
12.76
12.74
12.62
12.61
12.60
12.49
12.48
12.54
12.32
12.59
12.57
12.49
12.60
12.86
12.62
12.73
12.76
12.75
12.81
12.89
12.82
12.91
12.98
12.74
12.87
12.78
12.78
12.56
12.58
12.53
12.67
12.77
12.78
13.08
13.15
13.26
13.16
13.30
13.37
13.35
13.26
13.20
13.07
13.00
12.92
12.84
12.99
13.06
13.09
13.24
13.32
13.46
13.38
13.32
13.40
13.32
13.22
13.17
12.97
12.83
12.67
12.70
12.80
12.89
12.90
13.01
13.02
13.02
13.14
13.16
13.39
13.32
13.37
13.41
13.49
13.36
13.40
13.39
13.40
13.40
13.41
13.31
13.26
13.23
13.12
13.24
13.08
13.15
13.05
12.95
12.87
13.07
13.17
13.02
13.07
13.10
13.29
13.15
13.25
13.37
13.40
13.33
13.28
13.49
13.57
13.50
13.33
13.41
13.44
13.37
13.24
13.25
13.25
13.12
12.88
12.96
13.08
13.16
13.17
13.26
13.35
13.23
13.17
13.11
13.30
13.27
13.22
13.19
13.24
13.20
13.23
13.35
13.41
13.50
13.35
13.47
13.59
13.51
13.39
13.33
13.36
13.32
13.33
13.26
13.35
13.20
13.18
13.22
13.21
13.34
13.09
13.09
13.10
13.29
13.23
13.32
13.28
13.23
13.33
13.21
13.39
13.43
13.39
13.20
13.34
13.32
13.24
13.37
13.27
13.29
13.37
13.29
13.29
13.18
13.09
12.96
13.07
13.09
13.25
13.20
13.09
13.08
13.21
13.40
13.42
13.53
13.45
13.40
13.31
13.48
13.49
13.51
13.32
13.28
13.32
13.34
13.48
13.46
13.55
13.49
13.38
13.48
13.52
13.54
13.41
13.32
13.31
13.32
13.21
13.20
13.40
13.26
13.30
13.27
13.26
13.19
13.09
13.00
12.93
12.85
12.74
12.80
12.92
12.97
13.14
13.23
13.20
13.31
13.45
13.47
13.52
13.55
13.51
13.59
13.55
13.63
13.69
13.60
13.45
13.55
13.64
13.65
13.55
13.54
13.49
13.51
13.45
13.53
13.63
13.65
13.58
13.58
13.64
13.68
13.55
13.43
13.53
13.59
13.64
13.56
13.53
13.57
13.33
13.14
13.37
13.48
13.42
13.33
13.32
13.33
13.30
13.23
13.47
13.57
13.58
13.59
13.71
13.74
13.81
13.88
13.95
13.97
14.04
14.08
14.04
14.08
14.00
14.06
14.05
14.07
14.06
14.02
13.97
14.02
14.05
13.94
13.83
13.75
13.69
13.61
13.60
13.64
13.58
13.55
13.58
13.67
13.74
13.68
13.62
13.61
13.54
13.44
13.42
13.35
13.21
13.26
13.32
13.30
13.35
13.34
13.38
13.56
13.66
13.62
13.67
13.50
13.58
13.69
13.65
13.71
13.72
13.65
13.60
13.68
13.71
13.78
13.69
13.68
13.72
13.73
13.70
13.73
13.75
13.60
13.48
13.41
13.27
13.25
13.29
13.27
13.32
13.22
13.13
13.26
13.30
13.40
13.45
13.51
13.37
13.22
13.16
13.26
13.33
13.20
13.26
13.12
13.08
13.06
13.11
13.26
13.27
13.19
13.12
13.26
13.26
13.39
13.51
13.38
13.45
13.46
13.49
13.48
13.47
13.48
13.35
13.38
13.39
13.39
13.36
13.24
13.31
13.38
13.42
13.36
13.52
13.50
13.36
13.42
13.44
13.54
13.52
13.50
13.55
13.45
13.43
13.38
13.51
13.60
13.63
13.59
13.62
13.66
13.52
13.50
13.40
13.40
13.30
13.28
13.31
13.38
13.39
13.41
13.60
13.75
13.67
13.74
13.76
13.77
13.62
13.52
13.39
13.16
13.09
13.16
13.31
13.26
13.27
13.30
13.42
13.56
13.64
13.80
13.80
13.72
13.62
13.57
13.57
13.46
13.48
13.45
13.44
13.45
13.46
13.46
13.53
13.47
13.55
13.49
13.44
13.41
13.42
13.23
13.15
13.12
13.10
13.18
13.19
13.31
13.26
13.27
13.33
13.46
13.52
13.54
13.58
13.52
13.53
13.45
13.49
13.57
13.55
13.61
13.62
13.65
13.56
13.74
13.72
13.80
13.74
13.73
13.72
13.80
13.80
13.74
13.84
13.79
13.73
13.57
13.63
13.50
13.51
13.44
13.38
13.40
13.32
13.34
13.39
13.58
13.50
13.46
13.45
13.39
13.55
13.64
13.72
13.70
13.67
13.73
13.76
13.85
13.78
13.89
13.77
13.80
13.74
13.73
13.73
13.64
13.60
13.57
13.66
13.55
13.57
13.48
13.55
13.48
13.49
13.49
13.60
13.66
13.64
13.66
13.73
13.68
13.72
13.76
13.81
13.85
13.84
13.88
13.74
13.66
13.63
13.75
13.74
13.80
13.80
13.66
13.62
13.49
13.60
13.63
13.72
13.66
13.71
13.72
13.68
13.77
13.77
13.90
13.94
13.97
13.91
13.81
13.80
13.78
13.62
13.54
13.57
13.53
13.54
13.48
13.56
13.63
13.60
13.57
13.79
13.88
13.80
13.69
13.63
13.72
13.50
13.56
13.54
13.53
13.38
13.32
13.38
13.53
13.51
13.62
13.82
13.77
13.78
13.77
13.87
13.88
13.99
13.99
14.07
14.00
13.90
13.76
13.76
13.74
13.71
13.74
13.68
13.67
13.43
13.41
13.32
13.46
13.44
13.50
13.40
13.47
13.43
13.36
13.51
13.57
13.68
13.78
13.82
13.79
13.94
13.88
13.83
13.81
13.88
13.78
13.73
13.53
13.43
13.43
13.43
13.50
13.65
13.70
13.64
13.76
13.84
13.96
14.03
14.04
14.02
13.98
13.91
13.92
13.99
13.96
13.90
13.92
13.93
13.85
13.85
13.85
13.84
13.87
13.91
13.94
13.97
13.94
13.98
14.13
14.10
14.11
14.13
14.02
13.98
13.91
13.89
13.85
13.83
13.78
13.78
13.69
13.70
13.79
13.75
13.77
13.74
13.77
13.79
13.84
13.91
13.97
13.91
13.87
13.91
13.86
13.81
13.88
13.86
13.78
13.71
13.77
13.88
13.90
13.91
13.94
14.01
14.02
13.93
13.98
14.00
13.97
13.84
13.91
13.90
13.93
13.96
13.93
14.02
13.99
13.98
13.99
14.03
14.01
14.08
14.14
14.11
14.09
14.02
13.99
14.01
13.94
14.01
13.97
13.83
13.75
13.82
13.85
13.96
14.04
14.08
14.21
14.19
14.14
14.20
14.26
14.24
14.25
14.19
14.18
14.12
14.07
14.08
14.14
14.18
14.15
14.19
14.19
14.11
14.09
14.22
14.22
14.17
14.12
14.14
14.17
14.10
14.02
14.14
14.14
14.09
14.02
14.04
14.14
14.02
14.06
13.98
14.01
13.94
13.93
13.76
13.72
13.75
13.70
13.80
13.64
13.76
13.83
13.79
13.77
13.86
13.98
13.91
13.86
13.89
14.03
14.06
14.05
14.01
14.04
13.98
13.91
13.92
14.01
13.96
13.95
13.89
13.89
14.03
14.09
14.19
14.16
14.22
14.27
14.29
14.27
14.22
14.21
14.20
14.10
14.09
14.16
14.20
14.15
14.12
14.11
14.25
14.24
14.23
14.26
14.24
14.23
14.17
14.14
14.18
14.24
14.22
14.26
14.28
14.29
14.30
14.34
14.34
14.40
14.39
14.35
14.30
14.26
14.26
14.32
14.29
14.30
14.30
14.31
14.31
14.32
14.38
14.35
14.27
14.27
14.35
14.34
14.39
14.29
14.28
14.25
14.24
14.25
14.31
14.22
14.26
14.31
14.33
14.39
14.39
14.37
14.30
14.34
14.39
14.45
14.37
14.31
14.30
14.31
14.31
14.35
14.40
14.41
14.41
14.36
14.35
14.33
14.31
14.25
14.28
14.27
14.30
14.32
14.29
14.38
14.36
14.32
14.35
14.33
14.24
14.15
14.13
14.04
14.01
13.92
14.00
14.04
14.02
14.09
14.18
14.21
14.22
14.28
14.30
14.35
14.34
14.29
14.20
14.21
14.19
14.30
14.20
14.21
14.26
14.26
14.25
14.23
14.29
14.26
14.23
14.19
14.21
14.11
14.11
14.05
13.99
14.06
14.07
14.07
14.11
14.12
14.14
14.23
14.20
14.19
14.26
14.26
14.28
14.27
14.30
14.30
14.36
14.29
14.33
14.44
14.35
14.38
14.31
14.38
14.29
14.23
14.26
14.38
14.33
14.27
14.37
14.36
14.41
14.28
14.35
14.35
14.33
14.26
14.27
14.25
14.27
14.21
14.14
14.24
14.20
14.25
14.25
14.21
14.21
14.25
14.17
14.28
14.33
14.29
14.25
14.13
14.10
14.09
14.00
14.01
14.04
13.98
13.93
13.95
14.02
14.09
14.06
14.13
14.17
14.14
14.15
14.15
14.16
14.13
14.12
14.10
14.19
14.20
14.23
14.27
14.20
14.25
14.31
14.28
14.27
14.33
14.20
14.14
14.01
13.90
13.98
13.86
13.79
13.68
13.67
13.57
13.64
13.69
13.81
13.80
13.81
13.89
13.93
14.11
14.18
14.26
14.22
14.19
14.25
14.34
14.30
14.30
14.29
14.26
14.23
14.22
14.22
14.20
14.02
14.01
14.01
14.05
14.07
14.06
13.95
13.93
13.95
14.01
14.12
14.13
14.09
14.00
13.99
14.04
14.14
14.24
14.23
14.23
14.25
14.17
14.23
14.33
14.31
14.31
14.28
14.29
14.25
14.21
14.23
14.35
14.32
14.25
14.30
14.27
14.25
14.18
14.26
14.23
14.20
14.16
14.19
14.14
14.16
14.16
14.20
14.23
14.23
14.17
14.20
14.18
14.20
14.29
14.22
14.19
14.16
14.16
14.17
14.19
14.12
14.16
14.14
14.13
14.16
14.23
14.25
14.21
14.14
14.22
14.30
14.25
14.13
14.11
14.06
14.05
13.98
14.01
14.07
14.03
14.05
14.11
14.22
14.10
14.12
14.13
14.16
14.11
14.08
14.13
14.14
14.07
14.03
14.17
14.21
14.08
14.15
14.16
14.12
14.10
14.08
14.12
14.13
14.11
14.08
14.17
14.15
14.13
14.16
14.17
14.06
14.04
14.09
14.04
14.10
14.08
14.03
14.09
14.14
14.15
14.17
14.17
14.08
14.16
14.12
14.14
14.18
14.19
14.13
14.07
14.10
14.11
14.20
14.19
14.23
14.15
14.12
14.07
14.02
14.08
14.05
14.04
14.06
14.01
13.91
13.97
13.97
13.97
14.08
14.01
14.00
14.00
13.99
14.00
14.05
14.09
14.09
14.07
14.02
14.10
14.13
14.16
14.08
14.08
14.08
14.12
14.12
14.19
14.15
14.10
14.13
14.11
14.12
14.09
14.15
14.12
14.05
14.06
14.12
14.15
14.12
14.09
14.16
14.23
14.13
14.05
14.15
14.15
14.11
14.06
14.10
14.10
14.12
14.10
14.19
14.14
14.11
14.11
14.16
14.21
14.19
14.20
14.21
14.10
14.10
14.18
14.17
14.08
14.06
14.06
14.13
14.15
14.12
14.28
14.20
14.26
14.26
14.36
14.39
14.38
14.26
14.28
14.20
14.13
14.19
14.06
14.12
14.08
14.09
14.13
14.16
14.18
14.19
14.17
14.09
14.18
14.13
14.08
14.04
14.00
14.00
13.91
13.88
13.87
13.97
13.92
13.94
13.96
13.96
13.88
13.91
13.90
13.91
13.92
13.92
13.95
13.97
13.99
14.01
14.14
14.19
14.25
14.37
14.44
14.38
14.42
14.43
14.42
14.44
14.38
14.31
14.25
14.16
14.09
14.03
14.06
14.00
13.98
13.94
13.86
13.86
13.86
13.84
13.77
13.83
13.74
13.72
13.73
13.72
13.77
13.75
13.73
13.77
13.91
13.92
13.88
13.85
13.89
13.90
13.94
13.86
13.91
13.85
13.82
13.74
13.81
13.85
13.71
13.71
13.59
13.69
13.67
13.69
13.63
13.49
13.42
13.44
13.51
13.35
13.35
13.37
13.39
13.48
13.40
13.64
13.65
13.63
13.65
13.77
13.89
13.81
13.85
13.79
13.94
13.84
13.90
13.86
13.90
13.90
13.83
13.85
13.75
13.68
13.54
13.40
13.41
13.44
13.42
13.32
13.35
13.39
13.36
13.36
13.48
13.71
13.67
13.70
13.67
13.76
13.85
13.85
13.91
13.86
13.71
13.69
13.68
13.61
13.69
13.76
13.69
13.71
13.79
13.84
13.93
13.92
13.94
13.90
13.72
13.69
13.65
13.62
13.53
13.60
13.64
13.56
13.55
13.64
13.81
13.85
13.88
13.90
13.95
14.00
13.98
14.01
13.92
13.93
13.78
13.71
13.72
13.65
13.59
13.58
13.51
13.43
13.54
13.51
13.48
13.47
13.40
13.47
13.40
13.21
13.30
13.36
13.39
13.33
13.46
13.45
13.49
13.46
13.65
13.82
13.82
13.78
13.60
13.62
13.56
13.44
13.32
13.34
13.27
13.25
13.32
13.40
13.46
13.43
13.47
13.59
13.79
13.80
13.74
13.69
13.58
13.62
13.62
13.71
13.72
13.78
13.70
13.74
13.78
13.75
13.85
13.74
13.82
13.72
13.67
13.66
13.59
13.48
13.43
13.49
13.31
13.45
13.41
13.41
13.39
13.37
13.36
13.29
13.38
13.43
13.37
13.28
13.40
13.44
13.37
13.41
13.51
13.59
13.56
13.57
13.74
13.74
13.65
13.68
13.80
13.65
13.64
13.63
13.57
13.56
13.61
13.63
13.68
13.79
13.85
14.00
14.02
14.10
14.19
14.13
14.12
14.09
14.10
13.96
13.84
13.84
13.90
13.93
13.96
13.97
13.92
13.99
13.87
13.89
13.93
13.92
13.91
13.90
13.91
13.90
13.92
13.91
14.01
14.07
14.08
14.06
13.98
13.86
13.85
13.76
13.80
13.74
13.70
13.76
13.83
13.84
13.93
13.99
13.88
14.00
13.92
13.92
13.91
13.88
13.80
13.78
13.62
13.70
13.67
13.69
13.69
13.73
13.77
13.76
13.81
13.86
13.95
13.83
13.97
13.99
14.01
14.01
14.05
14.06
14.04
14.00
13.90
13.96
13.91
13.87
13.90
13.83
13.72
13.70
13.76
13.69
13.80
13.86
13.87
13.81
13.74
13.89
13.98
14.04
14.02
14.14
14.12
14.01
13.88
13.90
13.97
13.90
13.82
13.77
13.73
13.74
13.80
13.81
13.94
14.01
14.03
