16.50
14.60
17.60
15.00
17.10
14.10
19.70
19.80
18.50
20.60
12.70
15.90
19.70
19.50
17.00
17.90
18.40
18.70
15.30
19.40
18.70
18.30
16.80
15.50
16.90
15.40
17.50
15.80
16.10
18.20
18.90
13.90
17.30
10.60
20.10
16.50
18.80
16.50
16.90
15.70
15.90
16.30
19.50
17.20
19.00
12.50
17.30
17.20
18.40
16.40
20.70
19.80
21.80
22.50
21.20
23.50
21.20
22.80
23.60
22.00
19.20
21.60
24.60
21.70
23.20
21.30
23.10
21.90
22.80
21.50
22.50
20.50
18.80
18.80
20.10
17.80
20.50
20.80
22.20
21.70
20.90
20.10
20.10
23.10
23.10
21.00
23.10
23.80
23.70
24.40
25.40
23.80
25.50
23.30
25.10
25.30
25.10
26.20
23.90
25.30
