15.70
15.20
15.93
15.43
15.66
15.47
16.10
15.56
15.38
15.09
14.80
14.53
14.45
14.49
14.22
14.06
13.80
14.08
14.35
14.79
15.01
15.34
15.04
15.36
15.63
15.96
15.93
15.55
15.06
14.71
14.55
14.37
14.20
14.16
14.11
14.37
14.17
14.89
15.44
15.66
15.57
15.87
16.19
16.00
15.84
15.42
15.40
15.21
14.59
14.35
14.68
14.33
14.52
14.56
14.18
14.37
14.35
14.20
14.49
14.58
14.61
15.29
15.00
15.18
15.76
15.97
16.35
16.24
16.65
16.63
16.80
15.86
15.94
15.76
15.86
15.39
15.10
15.24
14.59
14.60
14.24
14.83
14.76
14.88
14.39
14.35
14.42
14.50
14.51
14.42
14.91
14.81
14.94
14.89
15.37
15.89
15.73
16.18
16.49
16.36
16.28
15.95
16.12
16.13
15.81
15.69
15.77
15.03
15.06
15.27
14.63
14.98
14.89
14.42
14.61
14.50
14.40
14.88
15.48
15.74
16.30
16.40
16.83
17.47
17.47
17.03
17.17
17.03
16.47
16.07
15.77
15.97
15.22
15.20
15.38
15.42
15.48
15.24
15.06
15.46
15.82
15.55
15.62
15.54
15.08
15.41
15.61
15.74
15.84
15.72
15.32
15.11
15.05
15.06
15.25
14.94
14.84
14.94
15.46
15.69
15.83
16.13
16.61
16.37
16.15
16.66
16.56
16.95
16.42
16.21
16.15
16.02
15.94
16.17
16.18
15.91
15.62
15.08
15.04
15.20
15.52
15.50
15.44
15.36
15.57
15.63
15.92
16.09
16.12
15.98
16.04
16.27
16.22
15.73
15.30
15.37
15.62
15.57
15.79
15.53
15.11
14.92
14.88
14.87
15.39
15.70
15.76
15.95
15.74
16.02
16.16
16.31
16.24
16.85
16.84
16.68
16.39
16.23
16.69
16.73
16.67
16.29
16.26
16.05
16.01
15.87
16.12
16.04
16.12
15.95
16.42
16.70
16.43
16.49
16.41
16.50
16.17
16.19
15.91
16.31
16.30
16.03
16.72
17.02
17.30
17.23
17.17
17.37
17.42
17.22
17.10
17.22
17.30
17.27
16.92
16.86
16.71
16.75
16.60
16.84
16.67
16.48
16.11
15.82
16.28
16.65
17.06
17.31
17.20
16.79
16.53
16.68
16.95
16.93
17.08
16.75
16.75
16.24
16.25
16.19
16.47
16.59
15.89
16.13
15.82
15.77
15.28
15.77
16.27
16.62
16.26
16.32
16.85
16.84
16.92
16.80
17.04
16.87
16.23
16.24
16.31
16.36
16.36
16.46
15.89
16.24
16.37
15.96
16.04
15.87
15.97
16.30
16.47
16.48
16.80
16.65
17.00
17.50
17.60
17.76
17.96
17.89
17.47
17.48
17.56
17.26
16.99
16.97
17.03
16.87
16.90
16.50
16.95
16.55
16.74
16.84
17.05
17.18
17.03
17.25
17.34
17.39
17.05
17.18
17.21
17.72
17.60
17.23
17.75
17.71
17.43
17.51
17.62
17.63
17.60
17.61
17.73
17.84
17.19
16.96
16.96
17.19
17.17
17.37
17.36
17.01
16.88
16.29
16.87
17.20
17.67
17.54
17.98
17.75
17.97
17.84
17.54
18.47
18.12
18.02
17.75
17.86
17.54
17.66
17.77
18.02
18.42
18.53
18.59
18.88
19.20
18.90
19.10
19.27
18.86
18.74
18.26
17.73
17.93
17.90
17.23
17.41
17.06
16.93
16.54
16.62
17.04
17.33
16.88
16.77
16.79
16.60
16.41
16.34
16.72
16.77
16.42
16.47
16.65
16.39
16.72
16.79
16.36
16.25
16.26
16.13
16.43
16.14
16.57
16.84
16.65
16.84
17.49
17.89
17.38
17.52
17.76
17.50
17.43
16.97
17.40
17.30
17.44
17.52
17.87
17.94
17.66
18.09
17.73
18.01
18.16
18.13
17.82
17.21
17.35
17.60
17.32
16.91
17.42
17.54
17.20
17.02
17.42
17.61
17.86
17.80
17.73
18.34
18.25
17.94
17.99
18.50
18.32
18.44
18.16
17.93
18.32
18.07
17.62
17.74
17.78
17.39
17.02
17.11
17.01
16.76
17.00
17.04
17.50
17.74
17.88
17.99
18.30
18.49
18.94
19.22
18.85
18.53
18.43
18.06
17.52
17.56
17.62
17.08
16.61
16.71
16.20
16.39
16.07
16.09
16.46
16.32
16.60
16.99
17.20
17.41
17.99
17.90
17.97
18.42
18.01
18.40
18.09
18.06
17.94
17.68
17.99
17.78
17.80
17.94
18.08
18.19
18.27
18.18
18.25
18.44
18.60
19.11
19.35
19.09
19.43
19.31
19.41
19.29
19.41
18.91
18.48
18.62
18.48
18.53
18.14
17.81
17.50
17.56
17.80
18.16
18.33
18.11
18.26
17.96
18.26
18.28
18.54
18.49
18.62
18.31
18.17
18.51
18.72
18.86
18.98
18.83
19.03
19.24
18.92
19.06
18.82
18.25
17.45
17.09
17.03
17.05
16.79
17.12
16.88
16.83
16.94
16.65
17.23
17.51
17.46
17.85
17.53
17.34
17.33
17.72
17.82
18.26
17.95
18.04
18.17
17.95
18.22
18.23
17.98
17.63
17.92
17.82
17.90
17.88
17.84
17.64
17.81
17.80
18.41
18.11
17.76
17.98
17.87
17.86
17.66
18.12
17.73
17.72
17.72
18.03
18.30
18.26
18.95
18.76
18.69
18.61
19.18
19.08
19.02
18.97
19.06
18.93
18.52
18.89
19.05
19.31
19.22
18.97
18.78
18.87
18.37
18.81
19.02
18.66
18.56
18.15
17.95
18.44
18.32
18.68
18.87
18.48
18.55
18.73
18.62
18.68
18.56
18.50
18.60
18.23
18.57
18.55
18.34
18.15
18.10
18.19
18.23
17.94
18.17
18.47
18.28
18.14
18.10
18.39
18.44
18.57
19.16
19.30
19.24
19.18
19.29
19.24
19.20
19.33
19.31
19.09
18.67
18.82
18.80
18.84
18.65
19.00
19.00
19.10
19.42
19.65
19.70
19.46
19.37
19.20
19.51
19.33
19.10
18.54
18.57
18.37
18.22
18.15
18.47
18.67
18.48
18.40
18.49
19.01
18.61
18.55
18.63
19.07
19.09
19.05
18.77
18.88
19.11
18.69
18.80
18.94
19.10
18.62
18.41
18.03
18.34
18.30
18.28
18.66
19.05
19.02
19.13
19.21
19.61
19.97
19.59
19.75
19.70
19.48
19.51
19.43
19.22
19.06
18.88
18.56
19.00
19.12
19.49
19.62
19.11
18.95
18.94
19.25
19.15
19.28
18.90
18.79
18.40
18.24
18.32
18.28
18.42
18.45
18.20
17.87
18.26
18.36
18.74
18.54
18.92
19.11
19.03
18.75
18.78
18.86
18.72
18.58
18.38
18.58
18.43
18.28
18.33
18.57
18.40
18.87
18.91
19.27
19.36
19.66
19.62
20.06
20.17
20.58
20.93
20.76
20.71
20.23
20.10
20.17
20.47
20.41
20.28
19.60
19.56
19.57
19.67
20.04
20.13
19.84
19.66
19.73
19.71
19.92
19.91
20.21
20.12
19.97
19.81
19.68
19.76
19.58
19.62
19.28
19.36
19.19
18.84
18.73
18.85
18.94
18.41
18.50
18.11
18.76
18.58
18.18
18.58
18.81
18.81
18.91
19.28
19.08
19.39
19.36
19.29
19.75
19.95
19.90
19.84
19.80
19.69
19.77
19.90
19.74
19.99
19.81
19.29
18.92
18.88
19.11
19.17
19.07
18.81
19.16
19.03
18.83
19.10
19.02
18.85
18.17
18.04
18.25
18.55
17.94
18.27
18.70
18.67
18.82
19.02
19.38
19.69
19.54
19.38
19.73
19.68
19.44
19.67
19.84
19.91
19.90
20.12
20.52
20.76
20.42
20.23
20.42
20.65
20.44
20.44
20.55
20.28
20.04
19.93
20.16
20.22
20.15
19.49
19.76
19.79
20.08
20.06
19.62
19.58
19.61
19.51
19.43
20.09
20.09
19.47
19.31
19.33
19.83
19.79
19.84
20.01
20.19
19.81
19.59
20.07
19.85
19.89
20.05
20.04
19.79
19.67
19.24
19.19
19.37
19.59
20.01
19.74
19.19
19.09
19.21
19.31
19.70
19.66
19.51
19.17
18.95
19.06
19.44
19.72
19.61
19.60
19.51
19.52
19.76
19.93
19.66
19.62
19.73
19.32
19.32
19.37
19.27
19.25
19.08
19.23
19.41
19.45
19.18
19.47
19.51
19.28
19.62
19.79
20.23
20.21
20.26
20.26
20.38
20.42
20.53
20.43
20.25
20.31
20.09
20.08
20.38
