16.30
14.15
15.00
14.20
14.42
14.32
14.06
14.12
14.28
13.98
13.95
14.29
14.21
14.82
14.59
14.79
15.08
15.35
15.62
15.82
15.60
15.46
15.39
15.15
15.54
15.57
14.96
14.52
13.75
13.95
13.74
14.13
13.97
13.81
13.37
13.19
13.43
13.85
14.31
14.61
15.22
15.02
15.07
14.78
15.23
15.19
15.58
15.65
15.44
15.24
15.09
14.84
15.27
15.54
15.48
15.80
15.28
15.20
15.68
15.82
15.80
15.98
15.92
15.77
15.43
15.08
15.01
14.82
14.42
14.41
14.36
14.50
14.26
14.36
14.24
14.37
14.61
14.56
14.73
14.53
14.53
14.06
14.09
14.60
14.93
15.07
15.20
15.33
14.71
15.02
14.81
14.74
15.17
15.04
15.31
15.27
14.98
15.17
16.45
16.09
16.17
16.13
15.88
15.90
15.45
15.55
15.95
15.18
14.40
14.40
14.53
14.83
14.67
14.63
14.46
14.36
14.68
14.99
15.28
15.15
14.87
14.86
15.05
14.81
15.28
15.18
15.20
15.15
15.27
15.35
15.36
15.47
15.55
15.64
15.50
15.38
15.25
15.65
15.27
15.28
15.22
15.43
14.70
14.99
15.26
15.38
15.40
15.49
15.19
15.39
15.71
15.56
16.09
15.95
16.12
16.29
15.92
15.39
16.03
16.27
16.57
16.71
16.44
16.17
15.24
15.15
15.42
15.46
15.39
14.99
14.74
14.69
15.01
15.03
15.57
15.43
15.69
16.10
16.03
15.99
16.18
16.19
16.25
16.01
15.98
16.14
15.94
15.87
15.65
15.66
15.18
15.27
15.07
15.11
15.12
15.26
15.22
15.37
15.89
16.08
16.32
16.32
16.50
16.87
16.95
16.57
16.35
16.15
15.78
16.22
16.41
16.19
16.16
16.16
16.22
16.41
16.74
16.94
16.77
16.33
16.32
16.59
16.63
16.92
16.55
16.58
16.45
16.12
16.31
16.55
16.20
15.88
15.43
14.72
14.99
14.94
14.87
15.28
15.35
14.79
15.13
15.25
15.39
15.72
15.49
15.66
15.48
14.95
15.06
15.31
14.99
15.31
15.80
15.90
16.23
16.47
16.79
17.03
16.28
16.00
16.18
16.01
15.57
15.69
15.88
15.42
14.97
14.93
15.43
15.77
15.48
14.94
15.31
14.77
13.97
13.78
14.08
14.16
13.91
13.73
13.70
14.28
13.49
13.48
13.87
14.03
14.23
13.89
14.20
13.70
14.29
14.01
14.49
14.89
14.87
15.31
14.94
15.40
15.04
15.48
15.05
15.34
15.09
15.26
15.40
15.29
15.64
15.21
15.24
15.68
16.23
15.90
16.33
16.30
16.57
16.41
16.13
16.32
16.78
15.97
15.60
16.16
15.93
15.88
15.76
15.53
15.72
15.87
15.68
16.34
16.64
16.01
16.23
16.02
15.92
15.95
15.78
15.75
15.54
15.56
15.36
15.92
15.90
15.74
15.96
16.26
16.62
16.65
17.06
16.78
16.67
16.33
16.35
16.64
16.32
15.93
16.16
16.26
16.35
16.30
16.29
15.92
15.26
15.10
15.35
15.38
15.00
15.02
14.99
15.35
15.19
15.41
15.67
15.54
15.42
15.88
15.78
15.74
15.94
15.69
15.94
16.45
16.76
17.30
17.35
17.31
17.36
17.44
16.94
16.88
16.80
16.58
16.52
16.62
16.39
16.33
16.44
16.16
16.23
16.44
15.97
15.86
16.16
16.11
16.31
16.29
16.10
16.54
16.80
16.80
17.46
17.66
17.62
17.29
17.78
17.67
17.84
17.58
17.09
16.77
16.93
16.97
17.01
17.22
16.59
16.93
17.23
17.39
17.52
17.88
17.23
17.27
17.16
17.11
17.24
17.00
16.69
16.59
16.47
16.42
16.99
17.08
17.24
16.98
17.08
17.40
17.14
17.12
17.40
17.52
17.32
17.18
17.19
17.39
17.11
16.34
16.38
16.31
16.03
15.95
15.93
15.90
15.60
15.70
15.88
16.58
16.88
16.80
17.34
17.49
17.37
17.07
17.15
17.04
16.83
16.88
16.77
16.70
16.33
16.17
16.51
16.69
16.39
16.35
16.32
16.02
16.18
16.45
16.62
16.33
16.41
16.47
16.94
17.18
17.58
17.50
17.55
17.52
17.59
18.18
17.68
17.60
17.24
17.10
16.98
16.74
16.61
16.41
16.45
16.39
16.73
16.76
16.65
16.87
16.78
16.74
16.36
16.37
16.31
16.27
16.49
16.66
17.28
17.02
17.57
18.36
19.03
19.37
19.69
19.51
19.52
19.16
19.01
19.52
18.97
18.56
18.21
18.15
17.78
17.87
17.89
17.91
18.01
17.29
17.28
16.97
17.03
16.74
17.24
17.25
16.84
16.71
16.45
16.72
17.20
17.75
17.48
17.90
17.63
17.43
17.56
18.17
17.86
17.86
17.29
17.09
17.25
16.67
15.94
16.33
16.25
15.84
16.55
16.45
16.59
16.88
17.16
17.20
17.62
17.40
17.76
18.24
18.17
18.42
18.71
18.32
18.22
18.64
18.76
18.84
18.37
18.20
17.53
17.06
16.76
16.82
16.93
17.07
16.93
16.72
17.09
16.74
17.08
17.19
17.35
17.57
17.31
17.38
17.87
17.95
17.93
17.85
18.03
18.24
17.93
17.53
17.56
17.19
16.70
17.09
16.90
16.77
16.50
16.78
16.88
17.13
17.22
17.23
17.26
16.67
16.82
17.48
17.62
17.31
17.51
17.34
17.69
18.08
18.26
18.02
17.91
17.94
18.02
18.36
18.44
18.35
18.31
18.04
17.98
18.68
19.16
19.35
19.42
19.14
18.97
19.13
18.90
19.28
19.76
19.71
19.43
18.79
18.50
18.56
18.46
18.51
18.71
18.26
17.24
17.05
16.94
17.18
17.44
17.47
17.60
17.88
17.86
17.98
18.97
18.73
18.94
18.73
18.47
18.17
18.39
18.38
18.41
18.43
18.52
18.67
18.61
18.44
18.54
18.74
18.74
18.75
18.65
18.43
17.90
18.19
18.12
18.48
18.58
18.45
18.51
18.34
18.04
18.35
18.29
18.23
17.93
17.98
18.22
18.42
18.28
17.75
18.22
17.91
18.09
18.11
18.36
18.57
18.17
18.21
17.98
18.97
18.63
18.63
18.31
18.15
18.13
18.01
18.07
17.88
17.77
17.45
17.52
18.01
18.65
18.96
19.21
18.96
19.46
19.70
20.01
20.05
20.17
20.06
19.73
19.71
19.59
19.98
19.18
19.47
19.49
19.58
19.71
19.63
19.84
19.91
20.09
19.70
20.27
19.86
19.94
19.83
19.86
19.79
19.76
19.80
19.73
19.86
19.06
19.52
19.52
19.69
19.77
19.83
20.10
19.95
19.74
19.95
20.64
20.14
20.12
19.97
19.87
19.98
19.78
19.72
20.08
19.75
19.74
19.93
19.83
19.97
19.60
19.61
19.80
19.86
19.97
20.54
20.44
20.59
20.81
20.58
21.03
21.26
21.21
21.24
21.00
20.99
21.12
21.21
21.13
21.20
21.10
20.77
20.72
20.80
20.49
19.99
20.07
19.95
19.97
19.60
19.57
19.67
19.71
19.71
19.96
20.17
19.93
19.94
20.14
20.63
20.57
20.62
20.40
20.26
20.21
20.49
21.03
21.27
21.56
21.70
21.96
21.68
21.76
22.10
22.26
22.11
21.75
21.29
20.85
20.40
19.96
20.14
19.88
19.76
19.62
19.72
19.76
20.09
20.12
20.19
20.47
20.56
20.35
20.28
20.64
20.72
20.86
20.85
20.91
20.97
21.00
20.95
21.60
21.65
21.26
21.30
21.29
21.13
21.18
21.06
20.64
20.68
20.62
20.42
20.43
20.21
19.84
20.09
19.92
19.94
20.63
20.74
20.34
20.46
20.53
20.59
21.04
20.88
20.77
21.15
20.89
21.05
21.35
21.51
21.46
21.37
21.20
21.23
21.92
21.79
21.83
21.68
21.74
21.56
21.57
21.80
22.08
22.36
22.15
22.34
22.56
22.41
22.20
22.37
22.53
21.96
21.84
21.36
21.27
21.27
20.87
21.00
21.28
21.08
21.18
21.56
21.62
21.89
21.78
21.76
22.27
22.19
22.22
22.19
22.04
22.07
22.09
22.28
22.34
22.09
21.87
22.04
22.00
22.38
22.50
22.31
22.14
22.01
21.99
22.09
21.86
21.66
21.88
21.78
21.50
21.66
21.76
21.75
21.77
22.00
22.31
22.44
22.27
22.62
22.94
22.98
22.85
22.58
22.67
22.27
22.05
21.82
21.33
20.91
20.53
20.64
20.66
20.80
20.30
20.50
20.44
20.71
21.18
20.97
