11.70
11.65
13.03
14.00
14.32
15.22
15.60
15.26
15.22
15.29
15.58
15.89
16.25
16.25
16.42
15.78
15.25
15.46
15.62
15.43
15.53
15.62
15.21
14.74
14.30
14.31
14.79
15.26
15.14
15.26
15.30
15.34
15.21
15.49
15.42
15.60
15.57
15.27
15.61
15.55
15.07
14.75
14.65
14.69
15.02
14.50
14.42
14.35
13.53
13.44
13.66
13.76
13.99
14.02
14.34
14.95
14.87
15.05
14.90
15.08
15.29
15.70
15.85
15.59
15.43
15.44
15.49
15.10
15.71
16.09
15.86
15.47
14.70
14.55
14.70
14.82
14.95
14.77
14.57
14.24
14.60
14.86
15.79
16.16
16.25
16.42
16.30
16.45
17.05
17.14
17.03
17.13
16.88
16.91
17.01
16.95
16.94
17.15
16.92
16.82
16.78
16.87
16.71
16.62
15.92
15.76
15.89
15.86
16.06
15.90
16.28
16.10
16.46
16.71
16.61
17.10
17.20
17.33
17.00
17.21
16.66
16.64
16.54
16.17
16.71
16.10
15.99
15.98
15.89
15.66
15.65
15.54
15.27
15.52
15.24
15.54
15.28
15.55
15.34
15.31
15.63
15.97
15.72
15.82
15.54
15.40
15.70
15.32
15.70
15.46
15.90
15.66
16.24
15.97
15.97
15.58
15.19
15.43
15.71
16.12
15.92
16.01
15.80
15.82
16.14
16.00
16.28
15.96
16.01
16.27
15.81
15.60
15.49
15.29
15.43
15.70
15.66
15.66
15.45
15.12
14.96
14.62
14.89
15.21
15.12
14.83
14.83
14.96
14.57
14.48
14.79
15.15
14.95
14.89
14.77
14.82
14.38
14.37
14.71
15.06
15.13
14.90
14.99
14.98
15.45
15.79
16.24
16.24
15.97
15.95
16.08
16.19
16.53
16.90
16.56
16.43
16.08
15.93
16.23
15.81
16.04
16.55
16.23
16.10
16.20
16.40
17.06
17.39
17.24
17.98
17.96
17.28
17.14
17.06
17.31
16.99
16.73
16.67
16.60
16.33
16.18
16.69
17.32
17.22
16.97
17.17
17.06
16.89
16.91
16.95
16.44
16.14
15.32
15.56
15.43
14.88
15.20
15.29
15.15
14.86
14.96
14.84
15.06
14.66
15.01
15.11
14.82
14.82
15.17
15.07
14.85
15.27
15.20
15.46
15.11
15.72
15.83
15.72
15.81
15.90
15.80
15.48
15.87
16.22
16.18
15.96
16.12
16.30
16.45
16.25
16.86
17.03
16.82
16.89
17.06
17.15
16.65
16.51
15.75
16.33
16.50
16.71
16.62
15.87
15.51
15.87
16.52
16.17
16.39
15.95
15.85
15.74
16.16
16.25
16.51
16.05
15.62
15.60
15.64
16.12
15.51
15.29
14.94
15.33
15.51
15.82
15.97
16.25
16.60
16.03
16.54
16.79
17.01
16.83
16.88
16.87
16.32
16.38
16.40
16.76
16.69
16.65
16.40
16.44
16.36
16.13
16.37
16.22
16.10
15.98
15.59
15.03
14.99
14.76
14.78
14.62
14.59
14.76
14.65
14.96
15.78
16.16
16.78
17.12
16.50
16.88
17.37
17.22
17.38
17.16
16.66
16.66
16.45
16.03
16.47
16.49
16.42
16.47
16.23
16.32
16.61
17.00
17.13
17.46
17.38
17.10
16.97
16.85
16.82
17.15
16.91
16.31
15.80
16.06
16.19
16.59
16.48
16.93
17.06
16.66
16.69
16.35
16.45
16.01
16.02
15.54
15.60
15.50
15.65
15.37
15.28
16.18
16.26
16.65
16.72
16.80
17.14
16.97
16.65
17.18
17.18
16.91
17.19
16.67
16.58
16.65
16.23
16.23
16.45
16.16
15.95
16.10
15.96
16.30
16.50
16.84
16.93
16.98
17.05
17.12
17.49
17.37
17.41
17.66
17.47
17.04
17.17
17.13
17.04
17.12
16.80
16.92
16.46
15.85
15.80
15.99
15.94
15.95
16.06
16.31
16.25
15.83
15.41
15.59
15.58
15.52
15.86
16.12
15.80
15.46
15.70
16.20
16.60
16.87
16.82
17.05
16.68
16.77
16.73
16.88
16.81
16.78
17.45
17.31
17.38
17.21
16.99
16.94
17.12
17.44
17.71
17.88
17.18
17.66
17.91
18.13
18.63
18.68
18.92
18.25
18.52
18.09
18.51
18.13
18.35
18.04
18.30
18.37
18.36
18.45
17.93
18.31
18.22
18.09
17.79
18.15
17.94
17.86
17.86
17.77
18.07
17.69
17.59
17.67
17.44
17.26
17.01
16.89
16.91
17.20
17.13
17.19
17.67
17.79
18.01
18.06
18.17
18.23
18.08
18.10
18.30
18.44
17.82
17.79
17.64
17.69
17.58
17.01
17.26
17.41
17.06
17.07
17.45
17.61
18.19
18.24
18.36
18.86
18.57
18.16
18.15
18.30
18.14
18.38
17.73
17.62
17.15
17.29
17.46
17.84
18.31
18.08
17.92
17.52
17.48
17.49
17.83
17.71
17.66
17.66
17.40
17.62
17.77
17.68
17.95
17.68
17.84
17.57
17.30
17.06
17.01
16.76
16.53
16.47
16.72
16.98
16.82
17.09
17.32
17.53
17.50
17.78
18.29
18.43
18.21
18.39
18.43
18.07
18.05
17.81
17.94
17.75
17.49
17.56
17.53
17.50
17.67
18.28
18.41
18.38
18.41
18.25
18.38
18.21
17.99
17.70
18.09
17.90
17.65
17.84
17.59
18.15
18.13
18.24
18.49
18.53
18.29
18.38
18.51
18.24
18.20
18.00
18.09
18.16
18.09
18.32
17.94
18.26
18.29
18.27
18.41
18.47
18.31
18.48
18.70
18.41
18.09
18.12
17.83
17.93
17.81
17.50
17.85
17.73
17.68
17.97
18.56
18.18
18.74
18.73
18.82
19.07
18.78
18.49
18.38
18.04
17.78
17.65
17.63
17.86
17.69
17.43
17.14
17.58
17.71
18.17
18.35
18.24
17.86
18.06
18.53
18.68
18.82
18.75
18.24
17.96
17.80
18.23
18.22
17.84
17.15
17.32
17.43
17.35
17.95
18.00
18.19
18.19
18.27
18.25
18.73
19.10
19.52
19.02
18.67
18.82
19.09
19.15
19.12
19.00
19.30
18.54
17.93
18.37
18.83
19.23
18.92
18.49
18.56
18.82
18.24
18.38
18.79
18.86
18.58
18.05
17.71
18.00
18.29
17.99
18.43
18.82
18.25
18.24
18.29
18.59
19.18
19.25
19.07
19.23
19.55
19.18
19.76
19.89
20.05
20.01
19.75
19.68
19.66
19.83
19.63
19.56
19.47
19.41
19.12
19.23
19.57
19.38
19.72
19.67
19.27
19.41
19.54
19.44
19.57
19.12
18.88
19.01
19.04
18.82
19.18
19.40
19.54
19.50
19.73
20.22
20.23
20.10
19.87
20.03
19.62
19.67
19.61
20.03
19.71
19.59
19.82
20.02
20.15
20.69
21.21
21.48
21.27
21.01
21.20
21.21
21.33
21.52
21.29
20.78
20.68
20.45
20.87
21.17
21.49
21.42
21.17
21.03
21.33
21.89
21.99
21.90
21.43
20.88
20.44
20.31
20.18
20.17
20.09
19.95
20.01
19.98
20.27
20.77
21.16
21.15
21.06
20.88
21.06
21.22
21.28
21.36
21.19
21.00
21.00
21.25
21.46
21.85
21.81
21.71
21.50
21.47
21.67
21.52
21.51
21.11
21.14
20.86
20.57
20.50
20.58
20.73
20.52
20.63
20.18
20.43
20.67
20.74
20.73
20.88
20.86
20.63
20.79
21.00
21.41
21.38
20.79
21.06
20.99
20.86
21.14
21.28
21.45
21.25
21.27
21.37
21.75
21.67
21.90
21.99
21.88
21.96
21.91
21.99
21.83
22.10
22.11
22.38
22.52
22.18
22.12
21.95
21.88
22.07
22.05
22.06
22.07
21.89
21.71
22.00
21.79
21.98
22.07
22.23
22.49
22.25
22.35
22.14
22.30
22.32
22.73
22.63
22.74
22.33
22.33
22.04
21.83
21.91
21.88
21.78
21.77
22.02
21.84
21.86
21.59
22.19
22.30
22.22
22.17
22.19
21.94
21.78
21.76
21.74
21.68
21.50
21.45
21.12
21.09
21.02
21.08
21.11
21.15
20.97
21.16
20.90
20.87
21.19
21.28
21.32
21.27
20.88
20.77
21.07
21.16
21.12
21.08
21.05
20.93
20.96
20.92
21.11
21.19
21.31
21.15
21.35
21.51
21.60
21.67
21.58
21.60
21.42
21.37
21.45
21.34
21.32
21.23
21.36
21.34
21.48
21.53
21.60
21.38
21.03
21.13
20.92
20.93
20.81
20.57
20.36
