11.40
12.15
12.67
14.12
14.90
14.87
14.47
14.54
14.58
14.58
14.85
14.95
15.01
14.54
14.55
14.70
15.10
14.79
14.31
14.10
14.21
14.43
14.32
14.36
14.11
13.69
13.25
13.63
13.81
14.10
14.18
13.82
14.04
13.79
13.66
14.46
15.16
14.84
15.09
14.84
14.56
14.65
14.35
14.20
14.32
13.88
13.61
13.77
14.13
14.27
14.30
14.39
14.52
14.96
14.85
14.69
14.51
14.59
14.88
15.07
15.12
14.94
15.25
15.43
15.74
15.93
15.75
15.81
15.22
15.16
15.15
15.41
15.26
14.80
14.32
14.35
14.43
14.08
14.45
14.52
14.92
14.66
14.41
14.57
14.90
14.25
14.55
14.92
14.78
14.40
14.22
14.42
14.98
15.53
15.43
15.60
15.80
15.68
15.15
15.51
15.14
15.28
15.08
14.84
15.08
15.29
14.42
14.87
15.54
15.59
15.92
16.15
16.40
16.19
16.05
16.29
17.00
16.68
16.96
16.66
16.82
16.36
15.83
15.83
15.97
16.05
15.44
15.30
14.40
14.39
14.49
14.52
14.92
15.17
14.99
14.98
15.58
15.57
15.54
15.80
15.58
15.66
15.22
15.16
15.15
15.06
15.04
15.48
15.74
15.80
15.76
15.58
15.57
15.53
15.41
15.19
15.16
14.94
15.14
14.90
14.87
14.99
15.08
14.88
15.15
15.52
15.35
15.16
15.00
14.89
14.77
15.18
15.47
15.42
14.74
14.56
15.07
15.31
15.06
15.08
14.68
14.57
14.70
14.80
15.42
15.57
15.21
14.89
14.98
15.31
15.85
15.47
14.98
14.96
14.88
14.78
14.78
14.35
14.39
14.34
14.28
14.47
14.73
14.91
14.60
14.51
14.11
14.78
15.40
15.01
15.41
15.50
15.39
15.04
15.31
15.39
15.44
15.37
14.95
15.27
14.83
14.90
15.13
15.38
15.28
14.96
15.11
14.73
14.42
14.61
14.62
14.39
14.20
14.15
14.62
15.01
15.54
16.06
16.60
16.49
16.75
16.77
17.15
17.22
17.08
17.30
17.02
16.35
15.96
15.75
15.61
15.78
15.94
15.70
15.71
15.29
15.31
15.65
15.66
15.74
15.72
16.04
15.72
16.38
16.25
16.24
16.04
16.09
16.43
16.52
16.60
15.96
15.51
15.16
15.07
14.90
15.26
15.40
15.29
15.69
15.71
15.45
15.69
15.82
15.66
16.15
15.88
15.77
15.68
15.07
15.15
15.53
15.40
15.01
15.00
14.92
15.02
15.05
14.94
15.24
15.15
15.36
15.62
15.79
16.09
15.99
15.88
15.51
15.78
15.46
15.35
15.40
15.48
15.43
15.59
15.02
14.87
15.40
15.24
15.03
15.21
15.10
14.50
14.65
14.25
14.77
15.21
15.07
14.88
15.45
15.15
15.31
15.88
15.79
16.04
15.95
15.49
15.39
15.70
15.40
15.44
15.54
15.13
15.33
15.06
15.29
15.41
15.64
15.22
14.86
14.98
14.52
15.10
15.00
15.29
15.33
15.71
15.66
15.98
16.13
15.97
16.12
16.04
15.85
16.11
15.72
15.68
15.75
15.67
15.80
15.79
16.08
16.25
16.65
16.41
17.09
16.86
17.20
17.52
17.62
18.07
17.62
17.43
16.95
17.08
16.53
16.47
16.30
16.19
16.29
15.90
15.99
15.75
15.47
15.01
15.63
15.65
15.34
15.21
15.75
15.45
15.62
15.43
16.00
16.14
15.53
15.52
15.60
15.62
15.29
15.28
14.87
14.97
15.15
15.68
15.74
15.67
15.43
15.00
15.00
15.51
15.94
16.16
16.29
15.85
15.69
15.81
16.46
16.47
16.18
16.25
16.14
16.40
16.30
16.00
16.32
16.40
16.16
16.51
16.65
16.59
16.67
16.35
15.87
16.41
16.36
16.33
16.07
15.87
16.03
15.64
15.92
16.23
16.88
16.70
16.84
17.02
16.86
17.68
17.31
17.85
17.26
17.13
16.55
15.94
15.84
15.51
16.02
15.34
15.69
15.47
15.41
15.23
15.65
16.00
15.80
16.01
15.53
15.83
15.74
15.55
16.01
16.22
15.81
15.90
16.01
16.11
16.12
16.14
16.14
16.10
15.80
15.85
15.95
16.30
16.43
16.27
16.61
16.12
16.26
16.63
16.49
15.97
15.81
15.43
15.31
15.38
15.19
15.34
15.48
15.52
15.98
16.21
16.25
16.47
16.78
16.98
16.77
17.10
17.00
16.74
16.53
16.87
17.03
16.39
16.20
15.92
15.96
15.64
15.34
15.53
15.66
15.43
15.29
15.86
15.81
15.86
16.12
16.22
16.63
16.27
16.03
16.34
16.62
16.69
16.65
16.79
17.12
16.75
16.29
16.37
16.58
16.02
15.90
15.44
15.62
15.40
14.84
15.39
15.62
15.78
15.52
15.87
15.87
16.10
16.38
16.24
16.64
16.59
16.78
16.73
17.13
17.17
17.39
17.51
17.12
16.96
17.35
17.04
16.89
17.02
16.79
16.51
16.06
16.34
16.26
16.37
15.90
16.02
16.00
16.08
16.32
16.38
17.00
16.77
16.85
16.76
16.48
16.85
16.91
17.05
16.76
17.13
16.26
16.47
16.29
16.90
17.01
16.97
16.81
16.73
16.98
16.50
16.83
17.18
17.10
16.98
17.03
16.89
16.49
16.89
16.85
16.94
17.59
16.50
16.68
16.68
16.67
16.56
17.18
16.29
15.92
16.03
15.61
15.65
15.81
15.78
15.58
15.43
14.90
15.41
15.72
15.44
15.30
15.55
15.56
15.20
15.17
15.35
15.63
15.21
15.34
15.43
15.43
15.86
15.72
16.26
16.55
16.70
16.47
16.55
16.52
16.74
17.11
16.89
16.67
16.45
16.69
16.85
16.75
17.13
17.20
17.25
16.97
17.15
17.61
17.63
17.35
16.88
17.76
17.76
17.54
17.33
17.59
17.72
17.41
17.73
18.00
17.86
17.30
17.29
17.67
17.76
17.56
17.46
17.34
17.18
16.83
17.01
17.26
17.39
16.75
16.70
16.98
16.97
17.11
17.37
17.52
17.47
17.19
17.32
17.90
17.72
17.13
17.15
17.29
16.99
16.91
16.78
16.93
16.34
16.16
16.36
16.29
16.24
16.20
16.02
15.75
16.24
16.51
17.07
17.27
17.47
17.81
17.65
17.68
17.68
18.05
18.15
17.86
17.75
17.65
17.77
17.85
17.95
18.14
18.00
18.07
17.79
18.24
17.71
17.69
17.69
17.35
17.47
17.40
17.43
16.96
17.44
16.95
17.33
17.50
17.40
18.04
17.80
17.61
17.78
17.70
17.21
17.25
17.12
17.01
17.11
17.12
17.44
17.70
17.62
17.73
17.69
18.02
18.00
17.83
17.81
17.44
17.32
17.35
17.31
18.00
18.31
18.40
18.46
18.16
18.03
18.39
18.42
18.43
18.41
18.17
18.21
17.84
18.07
18.45
18.03
17.77
17.64
17.98
17.91
17.90
17.68
17.64
17.75
17.78
18.22
18.08
17.96
17.66
17.92
18.13
18.50
18.43
18.23
18.21
18.08
18.26
18.58
18.77
18.96
18.82
18.41
18.60
18.35
18.55
18.87
18.61
18.06
17.72
17.68
17.57
17.19
17.60
17.58
17.28
16.87
17.00
17.11
16.91
16.59
16.64
17.01
16.76
16.85
16.92
17.21
17.38
17.83
17.79
18.11
18.05
18.00
17.87
17.98
17.82
17.70
17.65
17.20
17.72
17.24
17.23
17.08
17.24
17.11
17.25
16.73
16.69
17.36
16.81
17.16
17.06
17.28
16.84
17.06
17.34
17.81
18.04
17.82
17.58
17.74
17.85
18.13
18.16
17.95
17.85
17.92
17.53
17.49
18.07
18.03
18.09
17.76
17.70
17.59
17.78
17.96
17.75
17.50
17.60
17.47
17.48
17.41
17.37
17.48
16.96
16.72
16.79
16.97
16.85
16.61
16.43
16.56
16.87
16.69
16.94
16.89
16.93
16.73
16.54
16.42
16.49
16.54
16.51
17.09
17.16
17.55
17.84
18.21
18.39
18.61
18.28
18.53
18.62
18.51
18.52
18.35
18.31
18.29
18.59
18.53
18.99
19.07
18.81
18.58
17.98
17.90
17.82
17.39
17.03
17.15
17.21
16.67
17.28
17.39
17.50
17.28
17.45
17.61
17.35
16.95
16.43
16.41
16.01
15.73
16.11
16.15
15.91
16.04
16.24
16.82
17.51
17.88
18.05
18.15
17.97
18.06
18.12
18.13
17.45
17.16
17.20
16.72
16.17
16.19
16.44
16.21
16.24
16.72
17.35
17.58
17.24
17.45
17.42
