15.30
15.25
16.07
16.70
17.06
15.92
16.30
16.30
16.06
16.04
16.20
16.26
16.14
15.82
15.47
15.74
15.37
15.35
15.64
15.55
15.38
15.27
14.98
14.86
15.00
15.30
15.21
15.35
15.23
15.08
14.44
14.51
14.33
14.49
14.52
14.36
14.39
14.33
14.39
14.04
14.47
13.99
14.42
14.27
14.40
14.71
15.04
15.10
15.11
15.95
16.44
16.68
16.47
16.48
16.10
16.20
15.85
15.75
15.71
15.43
15.02
15.21
15.64
15.67
15.99
16.15
16.06
15.90
15.78
15.86
15.83
15.85
15.59
15.63
15.19
15.07
15.58
15.54
15.41
15.59
15.66
16.03
16.42
16.33
16.28
15.98
15.67
16.24
16.08
15.61
15.82
15.33
15.03
14.81
15.20
15.13
15.15
14.55
14.71
14.96
14.96
15.11
14.83
14.88
15.05
14.86
15.00
14.87
15.17
15.12
15.16
15.12
15.16
15.43
15.25
15.80
15.69
15.74
15.68
15.49
15.20
15.62
15.63
15.66
15.65
15.87
15.79
16.55
16.56
16.50
16.25
15.51
15.48
15.28
15.29
14.65
14.38
13.91
13.75
14.57
15.14
15.60
15.83
16.10
16.28
16.78
16.92
16.95
17.26
16.49
16.57
16.57
16.70
16.82
16.78
16.21
16.67
16.53
16.51
16.66
16.28
16.15
15.82
15.74
15.82
16.01
15.36
15.03
14.95
14.88
15.09
15.47
15.63
15.39
15.29
15.44
15.73
16.02
15.99
16.18
16.10
15.56
15.70
15.66
15.15
15.37
15.82
15.73
15.90
15.38
15.44
15.68
15.55
15.90
16.52
16.67
16.62
16.74
16.69
17.38
17.32
17.16
17.10
16.85
16.32
15.80
15.84
15.97
15.75
15.76
15.82
15.79
15.69
15.80
16.12
16.10
15.78
15.56
15.77
15.75
15.55
15.77
15.87
15.75
15.69
15.76
16.26
16.85
16.67
16.20
16.39
16.04
16.04
15.81
16.09
15.74
15.48
15.06
15.28
15.42
15.83
15.62
15.49
15.94
15.27
15.94
15.17
14.83
14.33
14.42
14.00
14.15
13.96
13.88
14.14
13.89
14.09
14.09
14.05
13.85
14.00
14.52
14.60
14.57
14.59
14.43
14.73
14.73
15.01
15.57
15.42
15.38
16.09
16.29
16.34
16.64
16.55
16.71
16.75
16.36
16.27
15.98
15.52
15.30
15.37
14.63
14.91
15.17
14.90
14.91
14.98
15.14
14.90
14.93
14.93
15.36
14.90
14.73
15.14
15.18
15.55
15.54
16.00
16.06
16.21
16.37
16.51
16.08
15.95
16.13
15.57
15.58
15.21
15.28
15.48
15.38
15.53
16.32
16.10
16.14
16.60
16.72
16.60
16.06
15.61
15.44
15.41
15.44
15.58
15.21
15.66
15.78
16.23
16.70
16.98
16.68
16.63
16.60
16.94
16.78
15.90
16.22
16.13
16.09
15.78
15.82
15.66
15.28
14.93
14.98
15.30
14.62
14.59
14.42
14.20
14.56
14.99
15.21
15.84
16.23
16.01
16.31
16.21
16.06
16.54
16.32
15.93
15.99
15.27
15.43
15.77
15.61
15.47
15.52
15.17
15.16
15.40
15.20
14.91
14.34
14.10
13.85
14.16
14.06
14.55
15.03
15.47
15.34
15.57
16.08
15.89
15.69
15.43
16.00
15.63
15.74
15.29
15.49
15.57
15.28
15.38
15.68
16.00
16.04
16.37
16.42
16.45
16.49
16.84
17.00
17.17
17.08
17.04
16.95
16.41
15.86
16.08
15.81
15.35
15.15
15.56
15.74
15.88
15.70
16.40
16.75
16.22
16.75
17.34
17.92
17.60
17.64
17.56
17.64
17.23
17.25
17.62
17.48
17.34
16.49
16.58
16.77
16.89
16.72
16.93
17.01
17.32
16.90
16.80
17.44
17.07
16.87
16.48
16.88
16.77
16.71
16.56
16.79
16.77
16.55
16.85
16.39
16.63
16.52
16.61
16.40
16.29
16.44
16.60
16.20
16.13
16.80
16.67
16.70
16.26
16.39
16.39
16.37
16.28
16.63
16.51
16.03
16.48
16.55
16.76
16.70
16.63
16.89
16.82
17.20
17.42
17.60
17.30
17.11
17.07
17.71
17.93
17.79
18.10
18.05
18.18
18.47
18.30
18.27
18.37
17.83
17.68
17.51
17.25
17.16
16.87
17.01
16.98
17.11
17.50
17.55
17.44
17.62
17.73
17.83
17.49
17.45
17.55
17.05
16.48
16.60
16.96
16.74
16.73
16.84
16.91
17.23
17.54
17.99
18.10
17.83
17.82
17.97
18.07
17.62
17.60
17.30
17.12
17.47
17.38
17.95
17.87
17.85
17.60
17.98
18.27
17.88
18.32
18.28
18.73
18.38
18.03
17.84
17.93
17.82
17.96
18.14
17.71
17.45
17.60
17.33
17.59
17.70
17.84
17.72
17.76
17.60
17.24
17.22
16.97
17.12
16.93
16.87
16.86
17.03
17.28
17.47
17.43
17.41
17.23
17.50
17.54
17.76
17.80
17.75
17.25
17.17
17.83
17.92
17.82
17.36
17.56
17.25
17.13
17.19
17.47
17.76
17.56
17.43
17.65
17.87
17.90
18.23
18.23
17.91
17.52
17.53
17.64
17.90
18.32
18.13
18.07
17.99
17.81
17.88
18.39
18.15
17.68
17.33
17.11
16.91
17.03
16.75
16.93
16.71
16.58
16.77
16.64
16.86
16.64
17.11
16.86
17.46
17.42
17.72
17.47
17.63
18.49
18.47
18.36
18.28
18.21
17.76
17.97
17.71
18.20
18.03
17.71
17.70
18.12
18.19
18.42
18.44
18.00
18.69
18.59
18.66
18.60
18.78
18.55
18.33
18.04
18.05
18.52
18.09
17.70
17.63
17.59
16.91
17.15
17.35
17.70
17.61
17.11
17.16
17.38
16.96
16.88
16.97
16.54
16.28
16.13
15.90
16.37
16.69
16.79
16.98
17.32
17.68
17.68
17.94
18.03
18.39
18.32
18.34
18.37
18.39
18.22
18.39
18.41
18.76
18.67
18.48
18.08
17.61
17.18
17.61
17.72
17.49
17.68
17.41
17.62
17.69
18.09
18.15
18.42
18.04
18.13
17.87
17.81
17.89
17.58
17.54
17.60
18.01
18.06
18.28
18.26
18.37
18.62
18.34
18.65
18.89
18.87
18.52
18.17
17.47
17.39
17.54
17.26
17.22
17.14
17.07
16.91
16.98
17.39
17.65
17.45
17.04
16.85
17.25
17.07
16.98
16.97
17.00
17.08
17.48
17.83
18.37
18.92
18.83
19.14
19.06
19.09
19.54
19.25
19.08
18.70
18.63
18.18
17.96
17.62
17.83
18.10
17.39
17.65
17.89
18.04
17.99
17.90
18.16
18.23
18.25
17.99
18.55
18.04
17.61
17.73
17.27
17.69
17.30
17.44
17.53
17.67
17.31
17.35
17.54
17.43
17.94
17.99
17.94
17.93
17.96
17.98
18.33
19.14
19.27
19.43
19.66
19.31
19.62
19.61
19.80
19.81
19.66
19.17
19.24
19.14
19.23
19.61
20.05
20.00
19.61
19.50
19.33
19.52
19.35
19.05
18.89
18.80
18.11
18.07
18.13
18.18
18.29
18.25
18.31
18.26
18.33
18.25
18.58
18.87
18.89
18.62
18.48
18.22
18.47
18.64
18.23
18.49
18.27
18.03
18.11
18.29
18.15
18.33
18.14
18.56
18.66
18.29
18.45
18.97
18.81
18.82
19.08
19.34
19.08
18.77
18.79
18.94
18.68
18.11
18.39
18.37
18.12
18.12
18.46
18.24
18.36
18.16
18.58
19.10
18.95
19.04
19.26
18.66
18.69
19.15
19.42
19.77
19.63
19.39
19.68
19.95
20.15
20.53
20.56
20.38
20.60
20.42
20.31
20.15
19.54
19.62
19.59
19.37
18.86
19.05
18.82
18.95
19.31
19.15
19.35
19.24
18.73
18.95
19.19
18.98
18.64
18.40
18.31
18.56
18.91
18.51
18.70
18.71
18.80
18.92
19.11
19.29
19.33
19.45
19.39
19.27
19.46
19.42
19.58
19.49
19.66
19.65
19.39
19.10
19.17
19.41
18.99
19.08
19.33
19.54
19.24
19.39
19.32
19.52
19.45
19.31
19.86
19.98
19.83
19.66
19.80
19.35
19.69
19.81
19.70
19.79
19.70
19.54
19.24
19.51
19.63
20.21
19.93
19.68
19.78
19.82
20.08
20.18
20.58
20.48
20.20
19.77
19.94
20.07
20.33
20.65
20.41
20.33
20.29
19.78
19.98
20.24
20.45
20.48
20.00
19.93
20.14
