13.00
13.30
15.30
10.30
17.60
12.20
14.60
14.00
14.40
15.80
15.10
14.50
19.50
12.90
15.90
20.50
11.30
17.80
15.70
10.30
16.10
14.40
17.90
17.20
17.90
19.00
21.90
17.30
16.50
16.50
13.70
17.50
21.30
20.10
22.50
22.10
22.10
21.00
17.30
12.40
15.30
17.30
16.50
23.60
18.30
17.30
12.80
17.00
21.10
15.60
19.50
22.30
23.30
21.30
20.10
22.50
21.80
17.70
21.70
21.20
22.30
20.30
16.70
14.90
18.80
16.50
16.30
19.70
20.80
20.30
17.40
21.00
19.10
19.90
18.20
22.20
21.80
22.30
19.80
22.50
17.30
20.70
19.10
22.10
18.40
18.90
19.10
22.50
21.50
23.10
21.90
11.80
21.90
17.20
19.80
19.40
20.60
23.70
10.50
20.80
