19.00
11.80
13.50
11.10
15.00
13.00
14.30
17.90
12.50
12.70
16.50
15.10
17.30
10.30
15.20
18.00
19.20
8.70
15.70
17.30
15.20
17.40
15.30
16.60
19.70
18.80
19.40
18.50
16.40
19.20
18.50
13.80
16.40
13.10
18.00
21.70
18.10
21.20
20.40
20.40
21.70
17.90
20.00
20.00
19.20
16.80
18.80
14.30
12.10
16.50
16.50
17.30
20.70
17.30
21.80
20.30
18.20
20.80
21.10
22.40
22.70
22.00
19.10
17.90
19.70
22.00
22.50
19.90
18.70
17.20
19.40
22.60
19.50
21.20
18.10
22.60
20.90
20.40
24.80
20.90
22.30
22.20
17.80
20.60
18.00
20.20
22.50
17.00
20.50
17.40
21.80
22.60
18.30
21.30
15.50
15.70
23.30
22.20
22.40
19.30
