16.60
14.60
13.90
15.80
20.00
18.00
12.70
12.60
14.90
13.20
18.70
22.20
19.20
16.00
18.80
11.50
12.40
13.10
18.70
18.50
14.10
11.20
17.70
18.10
17.50
19.50
18.30
15.70
17.60
22.60
17.80
18.70
15.60
16.70
21.90
17.70
21.20
18.20
14.40
17.30
17.20
22.30
21.10
23.00
19.90
20.30
23.20
18.90
22.30
19.40
20.50
18.10
16.80
21.60
16.80
17.10
16.20
15.50
20.00
22.30
16.70
20.90
20.40
18.90
21.50
22.80
20.00
23.40
18.50
19.50
19.20
17.90
18.60
19.40
21.40
17.80
20.40
19.40
14.10
13.70
13.30
21.90
22.40
22.10
22.00
21.60
20.20
24.00
16.20
20.60
17.30
21.80
21.90
20.20
21.70
22.30
21.40
21.70
21.90
26.00
