12.90
16.70
16.80
14.30
16.90
16.40
11.70
12.90
12.80
17.30
16.90
16.70
17.30
14.80
16.40
16.60
18.40
10.70
21.00
18.10
19.10
17.20
18.30
16.80
17.80
16.10
15.60
18.60
22.70
18.90
17.90
18.20
20.80
14.90
19.40
20.70
18.50
22.30
22.50
21.80
15.10
18.70
23.50
15.80
18.60
18.50
23.80
18.90
18.80
16.10
17.40
13.70
17.00
20.80
17.80
11.30
20.60
11.90
11.10
15.00
19.00
21.60
17.10
22.60
20.70
13.40
18.20
18.80
18.20
22.50
19.00
22.10
18.00
22.10
23.10
21.10
20.60
23.10
20.80
15.60
10.20
22.60
22.00
17.60
20.60
20.30
17.50
20.20
18.10
18.80
16.10
22.70
14.30
14.20
19.00
20.20
21.00
19.70
14.40
17.70
