17.00
15.55
16.37
16.10
15.84
15.37
16.13
16.23
16.47
16.58
16.63
16.75
16.79
16.84
17.11
17.30
17.11
17.05
17.48
17.58
17.84
18.17
18.42
18.42
18.49
18.53
18.58
18.70
17.82
17.94
17.70
17.29
17.14
17.52
16.71
17.09
17.06
16.83
17.41
17.12
17.06
17.34
17.30
17.47
18.48
18.43
18.29
18.52
18.21
18.58
19.06
19.68
20.02
19.96
19.90
19.83
20.17
20.18
20.46
20.53
20.50
20.33
20.48
20.42
20.64
20.43
20.50
20.62
20.63
20.85
21.03
20.95
20.60
20.82
20.87
21.45
21.42
21.67
21.75
21.68
21.20
20.69
20.75
20.86
20.90
20.46
20.34
20.44
20.69
20.58
20.97
21.70
21.97
22.01
21.93
22.41
22.85
22.85
21.76
21.57
