11.40
14.80
13.30
14.30
15.80
18.40
16.20
12.30
12.20
13.60
13.40
14.80
16.00
16.60
16.20
17.70
11.60
14.70
20.80
18.90
17.90
16.50
17.10
17.20
15.80
16.40
17.70
17.40
15.40
18.70
19.90
16.00
17.20
17.20
19.00
19.20
14.80
15.30
19.50
18.00
18.70
21.70
17.70
17.00
20.50
16.80
14.90
18.80
21.20
23.30
23.60
19.00
18.40
20.60
17.70
19.70
21.80
20.30
22.60
21.40
15.60
11.40
17.40
19.70
21.50
13.90
16.70
20.70
19.70
21.50
18.40
18.00
14.50
22.60
21.10
20.30
20.00
15.90
23.70
19.20
20.40
20.80
15.70
23.30
23.20
20.60
19.70
20.70
20.80
23.40
18.80
13.70
16.60
19.60
20.20
21.10
22.20
21.30
20.40
21.70
