14.70
15.95
17.00
16.35
15.16
15.57
15.79
16.24
15.58
15.83
15.94
15.69
15.36
15.59
16.35
16.29
16.45
16.32
16.95
16.59
16.15
16.54
16.86
16.59
16.06
16.04
16.16
16.55
16.56
16.90
17.54
17.28
17.21
17.40
17.99
18.29
18.24
17.79
18.10
17.87
18.10
18.19
18.12
18.39
18.50
18.44
18.43
18.77
19.16
19.55
19.15
19.22
19.23
18.53
18.53
18.36
18.47
18.37
18.28
17.92
18.34
18.88
19.20
19.92
19.99
19.77
19.56
19.22
19.17
19.86
19.92
19.83
19.75
19.53
19.65
19.84
19.50
19.91
19.98
19.56
19.51
19.06
19.18
19.66
19.37
19.52
19.64
19.80
19.64
20.09
20.33
20.81
20.73
20.62
20.74
20.44
20.23
19.98
20.15
20.19
