16.90
15.70
14.87
15.03
14.72
14.35
14.11
14.39
14.42
14.44
14.28
14.41
14.58
14.69
14.97
15.69
16.16
16.53
16.71
17.28
17.10
17.26
17.70
18.07
18.55
17.79
18.11
17.55
17.60
16.98
17.64
18.03
17.96
17.62
17.20
17.88
17.75
18.09
17.90
18.72
18.54
18.37
18.59
18.99
19.41
19.47
19.62
19.57
19.96
19.81
19.88
19.24
18.74
18.63
18.59
18.45
18.84
19.00
19.11
18.84
18.98
19.67
20.22
20.18
20.29
20.63
20.14
20.35
20.68
21.02
21.19
21.21
21.27
21.51
21.41
21.10
21.25
21.15
21.15
21.25
21.40
21.45
21.04
20.59
20.61
21.11
21.15
21.39
20.90
20.54
19.35
19.46
19.72
20.20
20.47
20.32
20.34
20.45
20.49
20.96
