16.50
15.55
15.60
14.72
15.24
15.15
14.91
15.30
15.20
14.87
14.58
14.52
15.11
15.56
15.70
16.06
16.31
16.37
16.24
16.85
17.22
17.45
16.72
16.37
16.30
16.29
16.58
16.85
17.37
17.55
17.89
18.19
18.96
19.24
19.41
19.50
19.69
19.38
19.39
19.48
19.24
18.47
18.50
19.16
19.26
19.60
19.18
19.28
19.50
19.67
19.51
20.59
19.94
19.72
19.81
19.73
20.25
20.47
20.40
19.64
20.14
20.09
20.54
20.65
20.50
20.30
20.26
20.50
20.50
20.94
21.03
21.04
21.30
21.48
21.38
20.74
20.66
20.70
21.13
21.45
21.29
20.59
20.30
20.26
20.37
20.87
20.64
20.02
19.82
19.90
20.31
21.00
21.14
21.04
21.27
21.50
21.72
21.89
21.86
21.68
