17.20
13.80
12.00
18.20
9.40
15.30
15.90
17.70
10.70
16.90
13.50
17.60
17.30
12.00
16.60
18.50
14.20
14.40
20.60
20.30
14.20
17.00
16.90
18.50
15.10
18.80
22.70
16.70
17.20
12.80
17.60
18.80
18.30
14.70
17.30
19.50
20.50
22.20
18.30
14.80
20.40
18.50
12.90
15.60
17.20
16.60
20.40
21.10
19.70
17.50
17.70
23.90
15.30
21.00
16.90
17.20
13.20
18.70
17.70
20.00
20.10
18.70
18.80
22.50
21.60
20.00
20.10
24.00
20.00
20.30
23.40
21.30
17.70
21.00
19.20
23.30
20.70
21.60
16.00
20.60
20.30
23.80
21.50
20.20
19.70
18.20
14.80
17.40
21.40
20.90
19.80
19.60
20.90
22.80
15.50
18.30
15.90
22.70
21.30
22.60
