14.00
15.50
16.90
16.60
13.60
17.60
12.90
15.10
10.50
10.50
20.00
16.80
20.50
17.20
19.70
18.70
19.10
19.40
20.60
19.40
18.90
16.20
13.10
11.70
17.20
18.50
14.00
13.30
16.20
8.80
16.20
16.20
14.90
17.80
22.50
18.80
18.10
17.50
15.60
21.90
21.50
19.10
15.90
15.00
19.60
20.10
23.80
19.40
23.20
20.90
15.00
18.20
22.00
17.10
14.70
15.60
18.40
19.60
17.80
20.20
22.80
21.30
21.90
22.00
21.80
18.10
20.50
19.60
18.90
22.50
18.90
11.40
21.60
17.90
19.70
17.40
15.20
22.20
17.10
15.70
22.40
13.30
18.00
19.30
22.00
21.40
16.90
20.20
23.60
18.40
19.60
21.30
22.80
21.90
17.10
20.20
21.00
21.30
22.40
22.30
