17.50
16.35
18.17
17.00
15.94
15.08
15.04
15.31
15.68
15.41
15.51
15.62
14.92
15.48
16.27
17.01
17.33
17.59
17.32
18.06
17.88
17.92
18.47
18.31
18.13
18.17
18.38
18.08
18.38
17.49
17.33
17.02
17.14
16.83
17.04
16.81
16.74
16.50
16.68
17.43
18.01
18.51
18.60
19.27
19.16
19.58
19.54
20.18
20.18
20.20
20.29
20.57
20.21
20.11
20.28
20.25
20.41
20.65
20.38
20.60
20.43
20.43
20.53
20.50
20.11
20.36
20.47
19.94
20.34
20.22
19.94
19.93
19.87
19.97
20.00
19.92
19.72
19.77
19.24
19.49
19.97
20.04
20.30
20.25
20.55
20.70
20.95
21.49
22.02
21.92
21.98
22.29
22.35
22.53
22.81
22.63
22.48
22.38
21.76
21.12
