18.80
16.55
15.97
15.97
15.84
15.72
15.60
15.28
15.18
15.52
14.65
15.15
15.39
15.23
15.47
15.08
15.53
15.82
16.19
15.58
16.67
16.75
16.88
17.29
17.00
17.59
16.86
16.60
16.50
16.84
16.30
16.33
16.14
16.27
16.77
16.39
17.11
17.73
17.86
18.20
18.45
18.06
18.30
18.26
17.84
18.39
18.43
18.71
19.08
19.46
19.64
20.31
20.57
20.39
20.73
21.02
20.97
20.97
20.88
20.98
21.09
20.53
20.08
20.48
20.75
20.92
21.12
21.02
20.92
20.68
20.87
21.21
21.54
21.69
21.73
21.31
21.31
21.42
21.57
21.59
21.50
21.40
21.43
21.39
21.32
21.31
21.09
21.17
20.94
20.60
20.19
20.20
20.28
19.76
19.79
20.08
20.22
19.95
20.39
20.66
