26.00
26.00
25.00
20.00
23.00
16.00
16.00
7.00
1.00
10.00
4.00
24.00
11.00
20.00
17.00
5.00
16.00
23.00
20.00
1.00
23.00
23.00
13.00
4.00
26.00
23.00
16.00
10.00
20.00
22.00
7.00
18.00
24.00
21.00
17.00
11.00
19.00
3.00
17.00
16.00
10.00
20.00
15.00
20.00
10.00
22.00
5.00
23.00
16.00
7.00
12.00
23.00
8.00
9.00
7.00
8.00
25.00
24.00
9.00
5.00
24.00
19.00
20.00
22.00
29.00
24.00
25.00
12.00
25.00
7.00
17.00
15.00
16.00
8.00
17.00
24.00
6.00
24.00
22.00
20.00
23.00
18.00
9.00
23.00
16.00
15.00
15.00
21.00
21.00
23.00
23.00
24.00
27.00
6.00
22.00
25.00
9.00
5.00
15.00
20.00
14.00
21.00
20.00
8.00
20.00
15.00
15.00
27.00
9.00
26.00
7.00
15.00
21.00
4.00
19.00
18.00
18.00
0.00
24.00
27.00
26.00
22.00
2.00
23.00
20.00
25.00
23.00
14.00
12.00
17.00
15.00
15.00
19.00
20.00
5.00
11.00
14.00
22.00
18.00
19.00
22.00
10.00
16.00
22.00
20.00
14.00
21.00
2.00
25.00
23.00
8.00
18.00
23.00
9.00
13.00
12.00
20.00
0.00
21.00
25.00
3.00
23.00
25.00
24.00
12.00
17.00
19.00
23.00
23.00
19.00
12.00
23.00
20.00
21.00
28.00
19.00
10.00
3.00
8.00
19.00
25.00
16.00
27.00
27.00
26.00
25.00
22.00
27.00
7.00
25.00
21.00
25.00
21.00
18.00
24.00
21.00
11.00
23.00
4.00
18.00
20.00
25.00
21.00
10.00
21.00
24.00
15.00
26.00
20.00
19.00
7.00
21.00
16.00
20.00
25.00
16.00
13.00
25.00
24.00
19.00
28.00
18.00
11.00
24.00
28.00
17.00
26.00
24.00
26.00
7.00
6.00
6.00
11.00
28.00
22.00
20.00
13.00
24.00
13.00
15.00
23.00
22.00
21.00
2.00
19.00
2.00
21.00
26.00
20.00
26.00
18.00
25.00
10.00
1.00
20.00
15.00
28.00
16.00
18.00
2.00
23.00
21.00
28.00
20.00
15.00
21.00
22.00
13.00
16.00
14.00
26.00
12.00
21.00
22.00
12.00
15.00
14.00
18.00
10.00
25.00
21.00
19.00
5.00
1.00
22.00
13.00
22.00
20.00
8.00
8.00
17.00
10.00
24.00
29.00
24.00
24.00
13.00
21.00
12.00
24.00
23.00
23.00
23.00
23.00
18.00
18.00
2.00
27.00
18.00
2.00
27.00
10.00
25.00
5.00
6.00
2.00
23.00
6.00
21.00
20.00
27.00
3.00
23.00
13.00
15.00
23.00
26.00
29.00
14.00
21.00
7.00
16.00
22.00
25.00
28.00
20.00
23.00
16.00
21.00
18.00
17.00
2.00
14.00
1.00
3.00
23.00
4.00
19.00
11.00
7.00
20.00
9.00
17.00
19.00
13.00
24.00
22.00
22.00
24.00
21.00
21.00
26.00
18.00
21.00
12.00
28.00
18.00
10.00
21.00
15.00
19.00
21.00
14.00
5.00
15.00
19.00
6.00
13.00
19.00
21.00
25.00
25.00
21.00
11.00
26.00
19.00
25.00
27.00
13.00
5.00
19.00
20.00
4.00
20.00
22.00
16.00
27.00
10.00
21.00
10.00
14.00
23.00
13.00
22.00
21.00
20.00
19.00
18.00
3.00
18.00
22.00
4.00
27.00
10.00
21.00
16.00
23.00
10.00
15.00
25.00
13.00
20.00
16.00
23.00
14.00
22.00
21.00
16.00
22.00
23.00
20.00
6.00
26.00
28.00
27.00
20.00
21.00
19.00
24.00
22.00
27.00
18.00
19.00
18.00
24.00
18.00
24.00
19.00
12.00
23.00
12.00
17.00
26.00
10.00
25.00
26.00
23.00
15.00
21.00
11.00
9.00
9.00
25.00
27.00
11.00
21.00
24.00
25.00
16.00
9.00
7.00
15.00
20.00
15.00
21.00
22.00
13.00
14.00
24.00
24.00
15.00
8.00
16.00
16.00
1.00
22.00
18.00
23.00
25.00
22.00
27.00
23.00
13.00
24.00
23.00
21.00
23.00
10.00
24.00
18.00
20.00
24.00
21.00
23.00
25.00
21.00
16.00
24.00
24.00
21.00
20.00
29.00
27.00
28.00
25.00
17.00
25.00
18.00
18.00
28.00
25.00
20.00
25.00
21.00
24.00
25.00
24.00
23.00
17.00
20.00
21.00
20.00
26.00
24.00
26.00
16.00
25.00
24.00
12.00
13.00
24.00
11.00
22.00
21.00
24.00
20.00
29.00
10.00
13.00
22.00
24.00
19.00
15.00
22.00
25.00
7.00
15.00
9.00
15.00
28.00
25.00
26.00
28.00
26.00
14.00
12.00
9.00
17.00
24.00
29.00
25.00
21.00
26.00
17.00
27.00
10.00
11.00
4.00
26.00
9.00
26.00
19.00
14.00
25.00
28.00
18.00
14.00
21.00
18.00
11.00
17.00
26.00
23.00
20.00
27.00
21.00
23.00
5.00
23.00
28.00
22.00
29.00
25.00
16.00
18.00
14.00
28.00
20.00
17.00
27.00
27.00
26.00
20.00
18.00
17.00
22.00
21.00
24.00
23.00
20.00
23.00
29.00
23.00
26.00
25.00
24.00
17.00
25.00
24.00
23.00
21.00
23.00
2.00
21.00
20.00
28.00
21.00
21.00
28.00
16.00
20.00
28.00
23.00
26.00
23.00
15.00
7.00
26.00
24.00
26.00
20.00
24.00
20.00
20.00
21.00
1.00
19.00
23.00
9.00
1.00
12.00
21.00
26.00
25.00
19.00
24.00
22.00
26.00
25.00
17.00
25.00
17.00
18.00
18.00
6.00
27.00
24.00
14.00
12.00
27.00
20.00
6.00
18.00
25.00
22.00
21.00
24.00
22.00
22.00
15.00
25.00
18.00
18.00
27.00
24.00
24.00
24.00
25.00
27.00
23.00
27.00
26.00
23.00
28.00
24.00
15.00
22.00
21.00
23.00
25.00
8.00
22.00
25.00
16.00
24.00
23.00
25.00
22.00
21.00
24.00
26.00
23.00
28.00
24.00
25.00
5.00
25.00
21.00
15.00
12.00
18.00
19.00
26.00
23.00
25.00
26.00
24.00
26.00
19.00
17.00
19.00
23.00
25.00
18.00
29.00
18.00
23.00
22.00
21.00
25.00
21.00
21.00
8.00
24.00
26.00
20.00
25.00
21.00
23.00
27.00
23.00
27.00
26.00
21.00
13.00
21.00
16.00
19.00
27.00
21.00
20.00
22.00
19.00
24.00
21.00
18.00
22.00
22.00
23.00
22.00
15.00
20.00
20.00
20.00
24.00
25.00
14.00
15.00
27.00
23.00
24.00
28.00
27.00
26.00
25.00
18.00
17.00
24.00
16.00
23.00
19.00
24.00
23.00
17.00
18.00
23.00
15.00
6.00
17.00
24.00
21.00
13.00
17.00
21.00
22.00
12.00
13.00
7.00
19.00
14.00
13.00
26.00
22.00
20.00
22.00
21.00
17.00
19.00
25.00
25.00
26.00
19.00
24.00
20.00
26.00
23.00
24.00
25.00
26.00
21.00
21.00
21.00
21.00
20.00
23.00
28.00
23.00
25.00
21.00
24.00
20.00
25.00
22.00
14.00
20.00
8.00
17.00
19.00
4.00
23.00
23.00
25.00
21.00
21.00
18.00
20.00
17.00
16.00
17.00
24.00
22.00
23.00
22.00
17.00
22.00
23.00
21.00
22.00
26.00
25.00
14.00
24.00
21.00
21.00
19.00
26.00
27.00
26.00
24.00
26.00
16.00
22.00
20.00
23.00
27.00
24.00
23.00
23.00
20.00
19.00
24.00
26.00
20.00
23.00
21.00
23.00
17.00
27.00
22.00
22.00
23.00
28.00
20.00
27.00
19.00
27.00
23.00
22.00
18.00
25.00
26.00
21.00
24.00
24.00
18.00
23.00
24.00
25.00
29.00
23.00
24.00
28.00
24.00
25.00
23.00
22.00
23.00
21.00
23.00
25.00
16.00
19.00
25.00
22.00
24.00
22.00
27.00
25.00
17.00
22.00
26.00
22.00
19.00
25.00
19.00
18.00
21.00
24.00
18.00
28.00
24.00
22.00
27.00
29.00
16.00
27.00
27.00
24.00
23.00
27.00
21.00
19.00
21.00
19.00
25.00
25.00
24.00
24.00
26.00
19.00
2.00
19.00
18.00
5.00
21.00
5.00
5.00
13.00
16.00
15.00
9.00
16.00
19.00
23.00
25.00
18.00
23.00
22.00
19.00
24.00
