1.10
1.15
1.17
1.10
1.12
1.38
1.34
1.32
1.40
1.36
1.41
1.42
1.48
1.57
1.69
1.60
1.73
1.82
1.85
1.92
1.96
2.06
2.12
2.15
2.16
2.10
2.03
2.00
1.95
1.93
1.81
1.74
1.66
1.61
1.50
1.47
1.35
1.26
1.18
1.13
1.13
1.14
1.08
1.20
1.42
1.59
1.75
1.94
2.09
2.24
2.28
2.39
2.60
2.65
2.51
2.61
2.64
2.52
2.34
2.18
2.16
1.98
1.84
1.58
1.40
1.07
0.92
0.86
0.91
0.98
1.01
1.01
0.93
1.01
1.12
1.33
1.45
1.44
1.41
1.39
1.44
1.58
1.81
1.79
1.71
1.59
1.58
1.65
1.72
1.75
1.67
1.71
1.70
1.85
2.02
1.99
1.88
1.90
1.80
1.72
