2.00
1.45
1.67
1.73
1.74
1.78
1.77
1.64
1.71
1.74
1.76
1.84
1.84
1.80
1.72
1.68
1.68
1.78
1.80
1.84
1.82
1.90
1.96
1.97
2.03
1.99
2.06
2.13
2.13
1.96
2.03
1.85
1.70
1.64
1.53
1.64
1.47
1.30
1.12
1.17
1.18
1.28
1.36
1.51
1.65
1.61
1.73
1.81
2.05
2.12
1.94
1.87
1.77
1.69
1.67
1.74
1.78
1.78
1.59
1.63
1.83
2.02
2.26
2.30
2.38
2.34
2.44
2.57
2.67
2.72
2.67
2.69
2.59
2.63
2.59
2.60
2.48
2.42
2.39
2.39
2.33
2.19
2.21
2.20
2.26
2.28
2.31
2.39
2.43
2.34
2.36
2.33
2.31
2.30
2.27
2.20
2.17
2.11
2.11
2.21
