1.80
1.40
1.47
1.60
1.60
1.53
1.47
1.44
1.34
1.29
1.25
1.28
1.25
1.29
1.38
1.53
1.60
1.58
1.66
1.72
1.68
1.68
1.75
1.65
1.54
1.39
1.31
1.34
1.37
1.49
1.63
1.76
1.73
1.76
1.84
1.98
2.15
2.19
2.12
1.95
2.00
1.97
1.89
2.01
1.95
1.94
1.92
2.06
2.19
2.25
2.21
2.14
2.15
2.07
2.07
2.01
1.84
1.76
1.73
1.68
1.47
1.49
1.43
1.40
1.44
1.57
1.56
1.41
1.29
1.48
1.71
1.80
1.92
1.97
1.98
1.77
1.95
2.08
2.28
2.19
2.16
2.07
2.01
2.06
2.14
2.32
2.44
2.46
2.42
2.53
2.58
2.65
2.78
2.73
2.70
2.67
2.55
2.60
2.60
2.51
