1.40
1.40
2.00
1.80
1.52
1.60
1.63
1.65
1.63
1.62
1.64
1.70
1.54
1.52
1.58
1.63
1.71
1.74
1.74
1.75
1.76
1.89
1.98
2.07
2.27
2.13
2.06
2.01
1.96
2.03
2.10
1.99
1.95
2.07
2.01
2.02
2.02
2.05
2.21
2.09
1.93
1.79
1.63
1.56
1.56
1.73
1.80
1.84
1.83
1.95
2.21
2.40
2.63
2.50
2.41
2.36
2.41
2.48
2.45
2.47
2.31
2.45
2.48
2.60
2.75
2.81
2.77
2.78
2.82
2.82
2.82
2.64
2.58
2.60
2.61
2.52
2.38
2.34
2.29
2.25
2.33
2.36
2.18
2.04
1.74
1.55
1.57
1.56
1.57
1.57
1.60
1.59
1.69
1.75
1.98
2.30
2.38
2.27
2.34
2.34
