1.00
1.50
1.73
1.73
1.72
1.68
1.90
1.90
1.93
1.90
2.07
2.05
2.04
2.03
1.97
1.89
1.65
1.65
1.61
1.59
1.44
1.46
1.43
1.52
1.57
1.70
1.91
1.93
1.97
2.04
2.16
2.15
2.19
2.12
2.23
2.22
2.20
2.14
2.08
2.05
2.01
2.04
2.09
2.16
2.16
2.20
2.19
2.22
2.28
2.29
2.30
2.28
2.24
2.38
2.37
2.43
2.43
2.51
2.62
2.60
2.63
2.68
2.62
2.63
2.64
2.56
2.62
2.56
2.43
2.50
2.45
2.48
2.60
2.49
2.40
2.50
2.38
2.44
2.43
2.52
2.67
2.69
2.70
2.70
2.75
2.74
2.84
2.81
2.84
2.68
2.57
2.49
2.28
2.09
1.95
1.74
1.49
1.43
1.55
1.66
