1.50
1.35
1.53
1.77
1.66
1.70
1.73
1.70
1.79
1.82
1.80
1.86
1.75
1.57
1.64
1.59
1.51
1.56
1.49
1.56
1.65
1.72
1.84
1.94
1.87
1.77
1.71
1.68
1.65
1.57
1.47
1.28
1.15
1.06
0.99
1.11
1.14
1.14
1.25
1.26
1.33
1.53
1.65
1.69
1.84
1.88
1.86
1.82
1.66
1.51
1.48
1.50
1.49
1.53
1.51
1.55
1.76
1.98
2.21
2.42
2.47
2.51
2.49
2.61
2.61
2.56
2.58
2.46
2.42
2.38
2.34
2.27
2.31
2.24
2.39
2.38
2.39
2.41
2.30
2.32
2.24
2.06
2.00
1.88
1.66
1.69
1.54
1.48
1.48
1.44
1.48
1.47
1.48
1.54
1.63
1.53
1.49
1.47
1.47
1.37
