2.10
1.95
1.87
2.02
1.98
1.93
1.89
1.84
1.73
1.66
1.60
1.49
1.41
1.30
1.26
1.25
1.17
1.15
1.19
1.18
1.13
1.12
1.15
1.15
1.28
1.41
1.41
1.40
1.47
1.64
1.68
1.70
1.69
1.79
1.84
1.86
1.98
2.14
2.23
2.20
2.27
2.53
2.79
2.78
2.66
2.58
2.66
2.71
2.74
2.82
2.84
2.81
2.72
2.75
2.80
2.87
2.83
2.70
2.64
2.57
2.60
2.49
2.42
2.32
2.25
2.17
2.19
2.28
2.29
2.24
2.20
2.12
2.12
2.29
2.50
2.58
2.42
2.30
2.20
2.19
2.21
2.29
2.28
2.19
2.03
1.95
2.04
2.10
2.10
2.04
2.01
2.15
2.25
2.25
2.27
2.23
2.14
1.95
1.87
1.84
