2.10
1.65
1.40
1.50
1.34
1.37
1.31
1.23
1.16
1.17
1.19
1.34
1.53
1.64
1.72
1.61
1.56
1.58
1.57
1.57
1.46
1.31
1.11
0.98
0.95
1.16
1.36
1.61
1.83
1.92
2.03
2.16
2.34
2.35
2.47
2.32
2.19
2.01
1.82
1.67
1.55
1.61
1.50
1.43
1.28
1.35
1.38
1.40
1.42
1.53
1.58
1.54
1.62
1.80
1.91
1.90
1.92
2.06
2.26
2.32
2.43
2.43
2.58
2.45
2.55
2.74
2.84
2.73
2.68
2.67
2.62
2.58
2.36
2.40
2.40
2.42
2.38
2.42
2.45
2.50
2.60
2.67
2.84
2.93
2.78
2.72
2.78
2.77
2.75
2.76
2.69
2.67
2.54
2.53
2.65
2.69
2.75
2.74
2.68
2.60
