2.30
2.05
1.63
1.62
1.62
1.77
1.80
1.74
1.73
1.66
1.61
1.57
1.56
1.56
1.59
1.56
1.44
1.50
1.44
1.67
1.78
1.80
1.89
1.92
1.91
1.85
1.99
2.04
2.16
1.98
1.87
1.91
1.95
1.99
1.98
1.92
1.79
1.59
1.41
1.34
1.34
1.46
1.47
1.38
1.34
1.38
1.53
1.68
1.77
1.94
1.93
1.79
1.69
1.68
1.62
1.70
1.82
1.90
2.10
2.08
2.19
2.24
2.42
2.49
2.76
2.77
2.63
2.44
2.26
2.17
2.20
2.20
2.21
2.28
2.18
2.19
2.25
2.47
2.36
2.28
2.08
1.99
1.79
1.60
1.44
1.22
1.01
0.80
0.90
0.97
0.96
0.91
0.86
0.86
0.87
0.94
1.19
1.30
1.36
1.37
