2.00
1.60
1.80
1.52
1.32
1.37
1.39
1.51
1.51
1.42
1.38
1.48
1.34
1.44
1.45
1.53
1.61
1.73
1.80
2.02
2.07
2.09
2.24
2.29
2.35
2.26
2.21
1.96
1.82
1.78
1.84
1.89
1.85
1.73
1.71
1.80
1.89
1.95
2.03
2.10
2.05
2.04
2.00
2.24
2.34
2.36
2.27
2.23
2.20
2.19
2.15
1.97
2.14
2.03
2.19
2.23
2.40
2.50
2.62
2.67
2.73
2.89
2.69
2.72
2.62
2.63
2.46
2.34
2.24
2.04
2.10
2.08
2.28
2.28
2.30
2.19
2.19
2.24
2.33
2.47
2.46
2.43
2.37
2.36
2.33
2.40
2.51
2.67
2.66
2.64
2.54
2.62
2.66
2.60
2.58
2.50
2.47
2.40
2.44
2.52
