1.60
1.20
1.20
1.10
1.12
1.05
1.14
1.18
1.22
1.31
1.33
1.44
1.59
1.68
1.82
1.88
1.90
1.86
1.92
1.86
1.86
1.89
1.85
1.83
1.74
1.95
1.99
2.17
2.15
2.28
2.33
2.34
2.26
2.27
2.42
2.34
2.40
2.44
2.57
2.52
2.45
2.45
2.47
2.47
2.31
2.29
2.26
2.25
2.08
2.05
2.02
1.97
2.03
1.92
1.94
1.95
1.75
1.57
1.55
1.44
1.40
1.54
1.58
1.62
1.50
1.46
1.56
1.58
1.60
1.66
1.76
1.65
1.48
1.50
1.67
1.63
1.56
1.59
1.59
1.60
1.59
1.51
1.60
1.79
1.85
1.93
2.05
2.04
2.13
2.16
2.22
2.29
2.27
2.29
2.27
2.20
2.20
2.11
1.93
1.96
