0.40
0.45
0.80
0.90
0.94
0.92
1.01
1.02
1.12
1.11
1.30
1.44
1.46
1.57
1.69
1.83
1.89
1.89
1.82
1.77
1.64
1.53
1.42
1.29
1.10
0.95
0.83
0.80
0.94
1.17
1.23
1.47
1.56
1.75
1.97
2.06
2.13
2.18
2.15
2.19
2.21
2.19
2.27
2.24
2.21
2.26
2.29
2.38
2.38
2.25
2.41
2.38
2.36
2.46
2.43
2.57
2.62
2.63
2.59
2.71
2.46
2.41
2.44
2.31
2.30
2.07
1.99
1.91
1.85
1.61
1.72
1.68
1.59
1.54
1.58
1.55
1.51
1.51
1.54
1.70
1.65
1.69
1.66
1.69
1.62
1.65
1.69
1.75
1.85
1.72
1.66
1.75
1.80
1.77
1.80
1.97
2.08
2.12
2.10
2.20
