0.90
1.05
1.27
1.43
1.50
1.58
1.61
1.54
1.53
1.51
1.63
1.64
1.59
1.58
1.57
1.53
1.57
1.67
1.79
1.92
1.84
1.85
1.89
1.93
1.95
1.92
1.79
1.85
1.77
1.69
1.79
1.86
1.99
2.11
2.15
2.28
2.48
2.51
2.50
2.52
2.49
2.52
2.44
2.31
2.34
2.38
2.35
2.19
2.24
2.35
2.34
2.39
2.33
2.32
2.27
2.16
2.19
2.18
2.10
1.95
1.86
1.84
1.88
1.80
1.76
1.76
1.71
1.79
1.83
1.77
1.86
1.73
1.90
1.93
1.90
1.89
1.80
1.68
1.67
1.74
1.66
1.75
1.57
1.61
1.69
1.74
1.92
2.10
2.00
1.93
2.06
2.02
2.10
2.08
2.10
1.95
1.73
1.63
1.79
1.94
