1.70
1.40
1.33
1.35
1.44
1.52
1.64
1.68
1.72
1.82
1.86
1.91
2.01
2.01
2.09
2.18
2.15
2.12
2.15
2.12
2.20
2.35
2.33
2.39
2.41
2.29
2.26
2.36
2.31
2.22
2.10
1.91
1.81
1.85
1.89
1.95
1.87
1.77
1.79
1.75
1.85
2.02
2.14
2.19
2.13
2.01
2.07
2.04
1.92
1.94
1.81
1.56
1.41
1.25
1.28
1.44
1.57
1.57
1.72
1.77
1.87
1.94
2.13
2.11
2.04
2.02
1.89
1.84
1.78
1.70
1.58
1.67
1.50
1.56
1.64
1.59
1.60
1.79
1.84
2.05
2.15
2.11
2.28
2.44
2.39
2.49
2.56
2.51
2.47
2.45
2.49
2.51
2.44
2.32
2.25
2.28
2.33
2.34
2.40
2.30
