1.00
1.35
1.03
1.00
1.16
1.18
1.26
1.20
1.29
1.29
1.28
1.24
1.27
1.31
1.24
1.28
1.26
1.31
1.27
1.30
1.37
1.39
1.51
1.59
1.68
1.78
1.93
2.02
2.03
2.24
2.35
2.43
2.48
2.66
2.79
2.81
2.69
2.70
2.78
2.63
2.70
2.80
2.83
2.65
2.57
2.54
2.65
2.61
2.61
2.67
2.61
2.42
2.44
2.42
2.30
2.22
2.16
2.14
2.14
2.09
2.05
2.20
2.13
2.15
2.21
2.40
2.37
2.43
2.41
2.43
2.49
2.43
2.32
2.31
2.39
2.32
2.40
2.40
2.46
2.40
2.35
2.38
2.52
2.51
2.55
2.45
2.39
2.36
2.32
2.37
2.32
2.37
2.44
2.52
2.46
2.41
2.50
2.50
2.48
2.42
