1.20
1.05
1.20
1.12
1.32
1.27
1.46
1.59
1.63
1.62
1.66
1.75
1.77
1.76
1.72
1.83
1.76
1.61
1.52
1.45
1.54
1.47
1.53
1.83
1.90
1.94
1.90
2.04
2.13
2.31
2.31
2.48
2.46
2.32
2.32
2.24
2.18
2.08
2.10
2.18
2.24
2.22
2.23
2.13
2.02
2.00
2.21
2.25
2.28
2.08
1.85
1.76
1.65
1.71
1.74
1.93
1.88
2.00
1.94
2.02
2.17
2.16
2.28
2.25
2.36
2.20
2.25
2.18
2.25
2.25
2.35
2.38
2.36
2.50
2.41
2.54
2.53
2.58
2.60
2.59
2.50
2.55
2.66
2.70
2.87
2.64
2.39
2.32
2.36
2.32
2.36
2.31
2.26
2.09
1.96
2.11
2.36
2.43
2.34
2.33
