0.70
0.70
1.27
1.25
1.20
1.22
1.17
1.15
1.27
1.33
1.47
1.54
1.38
1.36
1.44
1.47
1.57
1.73
1.65
1.63
1.75
1.84
1.92
1.97
2.15
2.13
2.20
2.19
2.23
2.24
2.09
2.11
2.12
2.20
2.15
2.25
2.12
2.14
2.32
2.35
2.45
2.38
2.48
2.43
2.39
2.32
2.40
2.35
2.25
2.31
2.26
2.31
2.21
2.22
2.17
2.22
2.26
2.26
2.25
2.18
2.24
2.28
2.29
2.42
2.47
2.49
2.44
2.41
2.32
2.31
2.25
2.15
2.17
2.08
1.99
1.99
2.07
2.14
2.18
2.31
2.33
2.38
2.46
2.50
2.59
2.59
2.56
2.45
2.41
2.38
2.45
2.49
2.45
2.43
2.39
2.27
2.23
2.31
2.36
2.18
