2.50
1.70
1.57
1.48
1.52
1.55
1.63
1.77
1.82
1.74
1.71
1.82
1.80
1.74
1.70
1.77
1.83
1.82
1.74
1.82
1.86
1.82
1.83
2.07
2.15
2.07
1.99
1.86
2.04
2.08
1.92
1.97
2.11
2.07
2.11
2.24
2.20
2.38
2.29
2.28
2.38
2.39
2.16
1.97
1.75
1.60
1.68
1.63
1.61
1.72
1.76
1.78
2.00
2.20
2.36
2.46
2.41
2.35
2.31
2.26
2.24
2.27
2.23
2.21
2.34
2.42
2.54
2.66
2.76
2.72
2.75
2.76
2.61
2.56
2.51
2.44
2.42
2.41
2.38
2.36
2.25
2.24
2.31
2.28
2.16
2.00
1.98
1.79
1.74
1.71
1.85
1.87
1.96
2.13
2.32
2.47
2.25
2.27
2.16
2.07
