1.50
0.90
1.27
1.35
1.46
1.43
1.50
1.43
1.41
1.42
1.41
1.59
1.67
1.60
1.57
1.56
1.52
1.72
1.72
1.80
1.98
1.96
1.89
2.04
2.10
2.21
2.27
2.01
1.96
1.82
1.57
1.51
1.41
1.38
1.40
1.41
1.41
1.61
1.88
1.98
2.12
2.26
2.39
2.32
2.17
2.12
1.93
1.78
1.52
1.41
1.30
1.14
1.05
0.97
0.93
0.88
0.95
0.98
1.06
1.24
1.22
1.24
1.14
1.23
1.42
1.43
1.39
1.36
1.28
1.08
1.15
1.22
1.39
1.45
1.44
1.44
1.50
1.53
1.55
1.59
1.47
1.46
1.50
1.58
1.54
1.69
1.82
1.78
1.79
1.91
2.09
2.09
1.89
1.68
1.58
1.57
1.61
1.62
1.66
1.53
