1.30
1.85
1.93
1.73
1.78
1.88
1.81
1.71
1.66
1.66
1.76
1.68
1.67
1.75
1.72
1.77
1.84
2.01
1.95
1.93
1.96
1.99
2.05
2.04
2.14
2.13
2.18
2.16
2.43
2.35
2.38
2.35
2.23
2.18
2.14
2.13
2.06
1.99
1.79
1.95
1.98
2.04
2.24
2.30
2.21
2.09
2.04
2.07
2.12
1.98
1.89
1.99
1.91
2.04
2.27
2.47
2.56
2.65
2.81
2.97
3.02
3.03
2.96
2.88
2.80
2.73
2.77
2.68
2.63
2.66
2.63
2.61
2.53
2.52
2.50
2.52
2.52
2.65
2.59
2.58
2.55
2.53
2.67
2.68
2.67
2.53
2.44
2.28
2.31
2.27
2.34
2.26
2.23
2.22
2.20
2.35
2.54
2.62
2.58
2.62
