1.10
1.10
1.20
1.38
1.30
1.37
1.34
1.34
1.42
1.39
1.39
1.37
1.34
1.23
1.34
1.38
1.36
1.41
1.43
1.57
1.66
1.80
1.88
1.97
1.96
1.82
1.87
1.79
1.86
1.84
1.89
1.96
1.91
1.97
2.00
2.11
2.20
2.33
2.27
2.26
2.29
2.25
2.42
2.57
2.58
2.67
2.58
2.52
2.57
2.60
2.46
2.51
2.40
2.31
2.32
2.27
2.32
2.41
2.25
2.09
2.24
2.04
2.02
1.80
1.85
1.81
1.72
1.59
1.72
1.78
1.62
1.70
1.60
1.67
1.52
1.51
1.53
1.53
1.33
1.45
1.58
1.60
1.76
1.90
2.03
2.18
2.30
2.40
2.67
2.58
2.48
2.47
2.40
2.28
2.05
1.90
1.74
1.70
1.42
1.44
