1.80
1.40
1.63
1.73
1.66
1.50
1.40
1.32
1.38
1.38
1.29
1.40
1.40
1.36
1.31
1.43
1.48
1.51
1.56
1.53
1.68
1.60
1.55
1.58
1.74
1.68
1.75
1.78
1.74
1.87
1.75
1.84
1.85
1.84
1.81
1.96
2.01
1.98
2.08
2.06
1.98
1.88
1.85
1.71
1.57
1.38
1.19
1.26
1.11
1.07
1.30
1.45
1.55
1.62
1.74
1.86
1.94
1.99
2.08
2.19
2.07
1.93
1.86
1.95
1.86
1.94
2.03
1.87
1.78
1.68
1.76
1.84
1.87
1.87
1.89
1.75
1.72
1.83
1.78
1.83
1.79
1.72
1.68
1.64
1.58
1.62
1.56
1.59
1.70
1.66
1.64
1.69
1.71
1.86
2.03
2.10
2.21
2.26
2.25
2.32
