1.30
1.30
1.30
1.40
1.32
1.43
1.47
1.56
1.58
1.71
1.77
1.79
2.00
1.95
1.93
2.01
1.97
1.93
1.93
1.84
1.79
1.78
1.67
1.70
1.78
1.67
1.72
1.68
1.63
1.67
1.80
1.95
1.98
1.98
2.03
1.98
1.88
1.90
1.97
1.96
1.94
2.01
2.10
2.27
2.30
2.42
2.63
2.69
2.73
2.74
2.70
2.64
2.58
2.32
2.20
2.19
2.15
2.02
1.84
1.76
1.76
1.63
1.59
1.85
1.87
1.80
1.80
1.98
2.23
2.37
2.45
2.47
2.43
2.44
2.61
2.76
2.74
2.70
2.71
2.71
2.75
2.86
2.77
2.57
2.38
2.17
1.95
1.95
1.84
1.85
1.79
1.71
1.82
1.88
2.03
2.13
2.37
2.36
2.41
2.26
