14.50
15.50
16.17
17.27
16.48
16.32
15.94
15.44
14.93
15.07
15.56
15.41
15.16
14.18
14.67
14.44
14.15
14.25
14.79
14.71
14.87
15.29
15.59
15.95
15.88
16.42
16.51
16.92
16.97
16.87
15.98
15.48
15.45
15.88
15.64
15.34
15.30
15.20
14.53
14.35
14.62
14.62
14.71
14.22
14.39
14.06
14.69
14.59
15.64
15.43
15.79
16.04
15.78
15.77
15.76
16.22
15.88
15.99
15.52
15.96
15.47
15.45
15.43
15.63
15.57
15.20
15.21
15.02
15.10
15.24
15.57
15.51
15.45
15.77
15.22
15.16
15.32
15.68
15.86
15.29
15.24
14.90
14.94
14.60
14.93
15.40
15.55
15.49
14.91
15.26
15.72
16.18
16.70
16.39
16.52
16.55
16.11
16.18
16.48
16.50
15.95
15.77
14.65
14.80
14.81
14.90
15.11
14.78
14.76
14.97
14.30
14.19
14.88
14.71
14.76
14.16
14.12
14.25
14.60
14.44
15.41
15.47
15.41
15.82
15.88
15.62
15.27
15.49
15.51
15.72
15.60
15.80
15.79
15.93
15.94
16.82
17.29
17.23
17.05
17.25
16.87
16.96
17.13
17.08
16.87
16.74
16.63
16.64
16.20
15.90
16.32
16.23
15.91
16.17
16.02
15.64
15.94
15.87
16.28
16.18
15.50
15.27
15.49
15.51
15.93
16.37
16.34
16.37
16.48
16.71
17.02
17.39
17.24
16.65
16.54
16.32
16.22
16.22
15.61
15.65
15.87
15.73
15.73
16.05
16.43
16.69
16.42
16.05
16.33
16.47
16.54
16.48
16.47
16.45
16.23
15.79
16.17
16.65
16.88
16.85
16.78
16.38
16.71
16.59
16.03
16.38
16.28
15.87
15.84
15.78
15.55
15.87
16.01
16.09
16.51
16.11
16.19
16.14
15.84
15.67
16.21
16.31
16.05
16.01
15.92
16.19
16.18
16.16
16.29
16.45
16.24
16.09
16.02
16.07
16.07
15.96
15.61
15.76
16.13
16.47
16.30
16.70
16.50
16.50
16.52
16.71
16.82
16.85
16.74
16.40
15.88
15.58
15.79
15.55
15.17
15.46
15.45
15.90
15.47
15.63
16.23
16.11
16.13
16.07
16.63
16.03
16.21
15.66
15.70
15.06
14.90
15.09
15.04
15.33
15.08
15.01
15.07
15.24
15.52
15.65
15.82
16.00
16.24
16.62
16.49
16.90
16.91
17.32
17.18
17.35
17.26
17.28
16.91
16.47
16.43
16.50
16.48
16.28
16.21
16.33
16.49
16.54
16.96
16.96
17.33
17.24
16.95
16.86
17.17
17.15
17.14
17.21
16.83
16.74
16.83
16.67
16.92
16.95
17.16
16.97
16.77
16.59
16.72
16.59
16.80
17.06
17.01
16.99
16.53
16.61
16.95
16.78
16.78
16.96
16.72
16.59
16.75
16.91
17.28
17.06
16.94
17.04
16.79
16.57
16.21
16.18
16.31
16.20
15.89
16.04
15.90
15.20
15.60
15.50
15.80
15.64
15.15
14.91
14.90
15.40
15.75
16.53
16.53
16.98
16.56
16.82
17.35
17.44
17.37
16.95
16.62
16.27
16.25
16.26
17.10
17.42
17.50
17.51
17.97
18.42
18.80
19.28
19.23
19.15
18.74
18.75
18.41
18.26
18.10
17.92
18.02
17.88
18.01
17.82
17.81
17.31
17.18
17.15
17.07
16.88
16.84
16.46
15.89
16.24
16.01
16.28
16.51
16.64
16.39
16.09
15.63
15.89
16.19
15.77
15.84
15.53
15.18
15.03
15.59
15.69
15.83
15.76
15.85
16.24
16.46
16.45
16.77
17.12
16.44
16.73
16.34
16.32
16.08
16.09
16.00
15.78
15.86
15.67
16.08
15.95
15.89
15.99
16.08
16.23
16.04
15.96
15.85
15.84
16.18
16.17
16.31
16.11
16.61
16.38
16.97
17.80
17.50
17.22
17.22
17.34
17.68
17.82
17.37
17.42
17.25
17.02
17.47
17.82
17.37
17.21
17.44
18.01
18.22
17.86
17.21
16.98
16.89
17.08
17.24
16.99
16.83
16.15
16.04
16.83
17.84
17.75
17.71
17.30
17.23
17.81
17.92
18.47
18.81
18.29
17.59
17.94
17.92
17.91
17.75
17.79
17.68
17.33
16.59
16.97
17.07
17.25
17.27
17.30
17.42
17.11
16.61
16.47
16.81
16.50
16.41
16.13
16.48
16.65
16.46
16.56
16.61
16.87
17.19
16.78
17.07
16.80
16.78
17.16
17.50
17.66
17.56
17.65
17.16
17.54
17.24
17.31
17.10
16.77
16.66
16.45
16.24
16.18
16.62
16.54
17.03
17.49
17.16
17.17
17.03
16.91
17.62
17.49
17.41
17.49
17.18
16.84
16.63
16.80
17.05
17.37
17.29
16.91
16.78
16.49
16.61
16.59
17.12
16.88
16.79
16.69
16.85
16.92
17.19
17.76
17.72
17.67
17.74
17.84
18.15
18.26
18.13
18.81
18.90
18.36
18.51
18.88
18.57
18.97
18.78
18.66
18.44
17.72
17.16
17.50
16.73
16.21
16.81
16.43
15.95
15.90
16.04
16.55
16.92
17.05
17.77
18.18
17.79
17.90
18.11
17.97
18.25
18.44
18.28
17.91
17.90
17.59
17.52
17.43
17.91
18.36
18.17
17.68
18.08
18.34
18.19
18.38
18.23
18.29
18.01
17.75
17.69
17.53
17.11
17.14
17.02
16.96
16.79
16.49
16.46
16.44
16.63
17.12
17.31
17.31
17.38
17.59
17.74
17.86
17.77
17.81
17.70
17.42
17.37
17.51
17.62
17.74
17.91
18.32
18.68
18.73
19.08
19.21
19.26
19.17
19.43
19.03
19.05
18.72
18.63
18.46
18.46
18.52
18.38
18.25
18.18
18.48
18.38
18.57
18.68
18.85
18.83
18.99
19.45
19.18
18.94
18.79
18.76
18.88
18.63
18.73
18.58
18.54
18.19
18.75
18.77
18.91
18.64
18.48
18.46
18.07
18.20
17.66
17.43
17.21
17.41
17.37
17.67
17.82
17.80
17.97
17.69
18.25
18.32
18.42
18.29
18.49
18.83
18.87
19.00
19.14
19.24
19.04
19.32
19.35
19.41
19.14
19.02
19.07
19.09
18.97
18.59
18.45
18.26
18.15
18.26
18.10
18.07
17.63
17.41
17.75
18.03
18.51
18.68
18.47
18.39
18.65
18.92
19.49
19.72
19.54
19.77
19.45
19.25
19.51
19.34
19.38
19.28
18.80
18.47
18.23
18.03
18.13
18.54
18.56
18.71
19.08
19.13
19.18
19.57
19.63
19.57
19.74
19.79
19.81
19.57
19.03
19.07
19.40
19.19
19.09
19.22
19.20
18.47
18.50
18.77
18.98
19.00
18.59
18.84
19.14
19.48
19.37
19.94
19.35
19.59
19.50
19.39
19.55
19.61
19.57
19.39
19.60
19.67
20.27
20.27
20.24
20.12
20.38
20.01
19.97
19.69
19.31
18.71
18.42
18.26
18.65
18.58
18.32
18.39
18.49
18.60
18.76
19.14
18.82
18.62
18.37
18.60
18.59
18.96
18.81
18.87
18.98
19.02
19.79
20.07
20.35
20.30
20.41
20.35
20.07
20.25
20.14
20.09
19.73
19.98
19.61
19.70
19.88
19.92
20.19
19.89
19.84
19.69
20.00
19.70
19.53
19.22
19.40
19.07
19.19
19.37
19.62
19.90
19.74
19.86
20.41
20.48
20.13
20.43
20.31
19.81
19.50
19.56
19.83
19.43
19.20
19.50
19.55
19.54
19.85
20.72
20.76
21.09
20.91
21.31
21.40
21.42
21.47
21.56
21.58
21.27
21.27
20.74
20.94
21.05
20.53
20.36
20.23
20.23
20.23
20.20
20.37
20.72
20.46
20.20
20.98
20.94
21.24
21.20
20.92
20.86
20.45
19.94
20.14
20.04
19.80
19.93
19.62
19.49
19.69
19.65
19.91
20.27
20.37
20.43
20.27
20.32
20.36
20.13
19.96
20.13
20.64
20.79
20.51
20.75
20.96
20.89
21.12
21.60
21.92
21.69
21.46
21.25
21.04
21.03
20.90
21.00
20.78
20.65
20.46
20.51
20.32
20.52
20.76
20.53
20.59
20.38
19.84
19.79
19.90
20.18
20.18
19.93
20.21
19.91
20.24
20.15
21.02
20.72
20.81
20.55
20.64
20.82
20.74
20.85
20.10
20.12
19.78
19.93
19.82
19.99
19.89
19.85
19.62
19.86
20.30
20.41
20.58
20.45
20.48
20.30
20.64
20.42
20.53
20.76
21.01
21.15
21.01
21.41
21.09
