14.60
14.55
14.93
15.30
15.70
14.93
15.36
15.32
15.09
15.30
15.23
15.33
15.50
15.22
15.28
15.69
15.17
15.56
15.55
15.39
15.68
15.73
15.27
15.37
15.10
15.06
14.95
14.46
14.62
14.86
14.95
14.98
15.29
15.11
15.42
15.18
15.57
15.78
15.83
15.78
15.13
14.93
14.69
15.32
14.74
14.77
14.65
14.24
14.50
13.30
13.95
13.84
13.87
13.42
13.67
13.93
13.77
13.59
13.92
14.77
14.62
14.65
14.79
15.08
15.54
15.73
16.01
16.25
16.11
16.19
16.21
16.72
16.93
16.49
16.22
15.66
15.73
16.07
15.90
15.69
15.27
14.96
14.76
14.68
14.64
14.83
14.83
14.90
14.64
14.96
15.03
14.96
14.77
15.53
15.23
15.15
15.03
15.29
15.04
15.13
14.96
15.42
15.39
15.11
15.40
15.76
15.60
15.37
15.76
15.69
16.05
15.39
15.55
15.60
15.50
15.29
15.82
15.83
15.45
15.56
15.63
15.70
15.31
15.34
15.16
15.69
15.56
15.07
15.11
14.71
14.91
15.10
15.57
15.37
15.84
15.15
15.10
15.48
15.72
16.06
15.69
15.80
15.86
15.95
15.75
16.11
16.11
15.78
15.65
15.59
16.18
15.46
15.33
15.48
15.27
15.16
15.15
15.57
16.02
16.00
15.85
16.36
16.52
15.72
16.24
16.41
16.12
15.98
15.61
15.74
15.76
16.13
15.92
16.70
16.08
15.51
15.45
14.88
14.89
14.92
14.68
14.87
14.81
14.31
14.79
14.83
14.76
15.17
15.45
15.04
14.95
14.55
14.69
15.14
15.16
15.55
15.62
15.87
15.32
15.51
15.09
15.29
15.23
15.81
15.19
15.18
15.39
15.54
15.86
15.45
15.56
14.81
14.85
14.40
14.71
14.92
15.29
14.72
14.50
14.99
15.98
16.27
16.33
15.64
15.76
15.79
15.43
15.73
15.74
15.87
15.54
15.56
15.54
15.99
15.88
15.81
15.93
16.11
16.00
15.97
15.18
15.65
16.13
16.18
16.43
16.29
15.96
15.53
15.47
15.28
15.54
15.24
14.61
14.48
14.02
14.03
14.58
14.88
15.10
15.01
15.15
15.69
15.56
15.28
15.67
15.90
15.93
15.83
15.79
16.04
16.21
15.78
16.23
16.65
16.24
16.18
15.96
15.57
15.71
15.37
15.33
15.24
15.15
14.69
14.91
14.58
14.48
14.99
14.82
15.16
15.02
15.13
14.76
15.04
15.10
15.38
15.29
15.19
15.21
14.91
15.14
14.84
15.17
15.13
15.47
15.66
15.70
15.78
15.73
16.24
16.19
16.09
16.12
16.23
16.15
15.77
15.73
15.73
15.56
15.15
15.31
15.48
15.47
15.51
15.29
15.71
15.95
15.85
16.29
16.37
16.25
16.30
16.41
16.36
16.44
16.07
16.28
16.43
16.48
16.23
15.98
15.68
15.51
15.34
15.39
14.90
14.37
14.53
14.69
14.62
14.78
15.09
15.09
15.00
14.72
15.64
15.44
15.18
15.02
15.26
15.24
15.60
15.50
15.83
15.96
15.66
16.03
16.18
16.18
16.01
16.36
15.74
15.90
16.12
16.15
15.81
16.20
15.71
15.61
15.80
15.42
15.81
15.68
14.92
14.94
15.02
14.58
14.93
14.90
15.00
15.15
14.90
15.18
15.44
15.39
15.63
15.63
15.79
16.09
16.00
16.05
16.43
16.39
16.64
16.47
16.26
16.26
16.08
15.79
16.23
15.67
15.61
15.82
16.03
16.33
16.55
16.66
16.91
16.61
15.93
16.20
15.76
15.61
15.61
15.37
15.89
15.54
15.24
15.84
16.10
16.28
16.54
16.57
16.18
16.65
16.05
16.54
16.66
16.44
16.63
16.51
16.70
16.11
16.06
15.75
15.90
15.61
15.55
15.59
15.54
15.39
15.01
15.01
15.16
15.15
15.14
15.25
14.96
15.04
15.39
15.37
15.72
16.18
16.36
16.39
16.31
16.29
16.74
16.47
16.18
16.42
16.41
16.49
16.21
16.34
16.11
15.73
15.45
15.20
15.08
14.79
14.94
14.93
14.85
14.86
15.18
15.56
15.46
15.77
15.86
16.27
15.92
15.90
16.05
15.95
15.73
16.04
16.01
16.07
15.97
15.83
16.16
15.85
15.77
15.92
15.56
15.45
15.95
15.69
15.50
15.77
15.67
15.82
15.95
15.60
15.85
15.49
15.23
15.75
15.63
15.24
14.87
15.01
15.27
15.62
15.86
16.00
16.08
15.75
16.03
16.24
16.70
16.85
16.81
16.39
16.20
16.39
16.38
16.50
16.56
16.67
16.97
16.65
16.43
16.58
16.46
16.29
16.32
16.10
16.23
15.88
15.47
15.77
15.84
15.43
16.16
16.24
16.43
16.71
16.76
17.18
17.03
17.00
17.34
17.94
17.55
17.46
17.28
17.28
17.49
16.99
16.84
16.80
16.20
16.19
16.82
16.68
16.38
16.58
15.85
16.06
16.23
15.96
16.42
16.21
15.85
15.63
16.14
15.93
16.14
16.07
15.76
16.36
16.44
16.32
16.09
16.35
15.83
15.62
16.00
16.09
16.52
16.52
16.57
16.92
16.71
16.95
17.09
17.01
16.94
17.43
17.37
16.83
16.73
16.62
16.54
16.53
16.42
16.62
16.30
15.64
15.50
15.60
14.95
15.24
15.67
15.29
15.85
16.25
16.13
16.64
16.51
16.57
16.91
16.68
16.66
16.69
16.64
16.56
17.04
16.55
16.92
17.19
17.27
17.38
17.33
17.99
18.25
18.03
18.27
18.15
18.13
17.71
17.78
17.52
17.82
17.11
16.66
16.74
16.63
16.80
17.02
17.06
16.51
16.47
15.70
15.93
15.80
15.70
15.53
15.67
15.40
15.12
15.21
15.72
16.14
16.32
16.33
16.87
16.60
16.14
16.28
16.88
17.40
16.90
16.59
16.57
16.17
15.56
15.47
16.29
15.57
14.99
14.60
14.45
14.59
14.73
15.21
15.65
15.92
15.46
16.07
16.57
17.03
17.48
17.57
17.00
16.65
16.58
16.46
16.83
17.16
17.22
17.36
16.85
17.01
17.19
17.32
17.24
17.05
16.70
16.52
16.17
15.83
16.34
16.00
16.18
16.29
16.01
16.16
16.46
16.40
16.66
16.78
16.59
16.89
16.84
17.01
17.10
16.94
17.06
16.97
17.15
16.47
16.59
16.46
16.19
15.90
15.96
16.25
15.93
16.11
15.86
16.64
16.75
16.73
16.94
17.35
17.45
17.80
18.24
17.98
18.15
18.15
17.88
17.91
18.08
17.81
17.91
17.71
17.37
17.81
17.79
17.26
17.25
17.49
17.72
17.91
17.77
17.48
17.42
17.36
17.15
17.63
17.69
17.51
17.15
16.81
16.91
16.92
16.98
16.78
16.52
16.40
16.24
16.63
16.96
17.28
17.06
16.96
16.86
16.56
16.88
17.07
17.22
17.19
17.24
16.92
16.75
16.87
16.65
17.03
16.84
16.77
16.65
16.41
15.91
16.08
16.34
16.59
17.22
16.97
17.31
17.18
17.72
17.79
17.70
17.57
17.76
17.68
17.39
17.51
17.32
17.63
17.20
16.89
17.32
17.86
17.27
17.42
17.33
17.32
17.67
17.71
17.99
18.19
18.10
17.74
18.28
18.20
18.47
19.03
18.76
18.78
18.74
18.81
18.91
19.06
18.96
19.09
19.02
18.17
18.27
17.93
17.97
17.71
17.82
17.72
17.50
16.86
16.88
17.49
17.42
17.26
17.02
17.02
17.08
16.56
16.46
16.97
17.22
17.21
16.61
17.22
17.24
17.05
16.76
17.16
17.18
16.95
16.54
15.87
16.57
16.30
16.35
16.76
16.59
17.30
17.58
17.80
17.75
18.54
18.34
17.92
18.08
18.17
18.31
17.69
17.87
17.78
17.49
17.10
17.31
17.58
17.19
17.22
17.74
17.89
17.83
18.08
18.80
19.03
19.05
19.33
19.48
19.27
19.04
19.00
18.92
18.64
18.38
17.93
17.77
17.78
17.96
17.85
17.92
18.13
18.41
18.96
19.16
19.55
19.58
19.28
19.20
19.65
19.53
19.78
19.56
19.18
18.81
18.35
18.13
18.09
18.26
18.17
18.04
17.35
17.18
17.15
17.53
18.05
18.14
17.85
17.64
17.30
17.23
17.81
17.78
18.10
17.80
17.60
17.46
17.85
17.80
18.04
18.18
18.20
18.15
18.04
17.91
18.33
18.39
18.61
18.86
18.83
18.82
18.68
19.21
19.36
19.72
19.43
19.41
19.35
19.09
18.96
18.50
18.39
18.30
18.00
