14.40
11.90
13.90
14.95
14.58
14.07
14.73
15.14
15.20
15.41
15.29
16.01
15.70
15.04
15.29
15.97
15.60
15.37
15.36
15.17
14.98
14.59
14.84
15.38
15.66
15.92
16.25
16.18
15.69
15.81
16.38
16.48
16.11
15.76
15.68
15.09
15.17
15.00
15.75
15.65
15.49
15.89
16.36
16.69
16.13
16.02
15.78
15.64
15.19
15.18
14.95
15.01
14.56
14.53
14.94
15.04
14.67
14.81
15.23
14.83
15.32
14.83
15.22
14.88
14.80
14.93
15.16
15.40
15.02
15.76
15.57
15.73
15.66
15.83
15.72
15.62
15.64
15.33
15.45
15.11
14.96
14.76
14.62
14.78
14.44
14.39
13.96
14.27
14.24
14.37
14.25
14.30
14.23
13.99
14.88
14.76
15.15
14.91
15.34
14.96
15.19
15.52
15.49
15.94
15.39
15.62
15.47
15.66
15.31
15.25
15.01
14.66
14.44
14.16
14.34
14.29
14.24
14.32
14.56
14.79
14.59
15.00
15.44
15.34
15.57
15.34
15.04
14.70
14.31
13.99
14.01
13.41
13.25
13.69
13.61
14.38
14.88
15.26
15.05
15.37
15.47
16.39
16.79
16.59
16.27
15.72
15.49
15.46
15.87
15.86
16.11
15.67
15.03
15.23
15.12
15.25
15.73
15.19
15.20
15.27
14.96
14.64
14.84
14.76
14.93
15.26
14.85
15.50
15.26
15.44
15.99
16.07
16.10
15.86
15.48
14.88
15.14
15.35
15.06
14.80
14.56
14.53
14.67
14.76
15.64
15.36
15.39
14.98
15.05
14.89
15.16
15.61
15.41
15.30
14.57
15.11
15.06
14.84
15.39
15.51
15.39
15.42
15.57
15.64
15.89
16.03
16.10
16.56
16.14
16.48
16.86
16.48
16.42
16.22
16.16
16.21
15.51
15.20
15.40
15.42
15.17
15.11
15.19
15.17
15.36
14.96
15.07
15.31
15.57
15.42
15.32
15.48
14.95
15.05
14.82
14.84
15.67
15.42
15.22
15.27
14.95
15.25
15.69
15.85
15.88
15.62
14.84
14.72
14.76
14.70
14.84
15.05
15.10
14.62
14.46
14.96
15.55
15.62
15.24
14.83
14.96
14.54
14.32
14.51
14.42
14.41
14.11
14.15
14.72
15.51
15.28
15.15
15.39
15.70
16.19
15.48
15.62
15.66
15.10
14.86
15.28
15.16
15.04
15.03
14.95
15.58
15.51
15.00
15.30
14.92
14.40
14.43
14.87
15.14
15.15
15.23
15.31
15.35
15.49
15.62
15.90
16.52
16.25
15.66
15.55
15.43
15.95
16.64
16.54
16.30
16.51
15.88
15.61
15.97
15.84
16.17
15.73
15.53
15.54
15.41
15.26
15.52
15.63
15.68
15.70
14.94
15.28
15.35
15.64
16.19
16.05
16.15
16.38
16.02
16.49
16.92
16.46
16.48
15.85
15.77
15.82
15.61
15.31
15.71
15.13
15.33
15.18
14.94
15.01
14.57
14.73
14.54
14.89
14.27
14.49
14.65
15.04
15.25
15.17
15.38
15.25
15.38
14.96
15.43
15.61
15.44
15.16
15.28
15.67
16.11
16.18
16.37
16.64
16.70
16.54
16.31
16.09
15.95
15.50
15.31
15.29
15.23
15.36
15.32
15.40
15.11
15.34
15.78
16.03
15.47
15.39
15.50
14.81
14.46
14.07
14.65
14.85
14.13
14.23
14.50
14.39
14.36
14.62
14.71
15.10
14.94
15.07
15.58
15.97
16.13
16.12
16.41
16.87
16.98
16.81
16.79
16.52
16.61
16.59
16.92
16.64
16.28
16.37
16.74
17.00
16.63
16.90
16.74
16.55
16.08
16.50
16.46
16.10
15.98
15.74
16.00
15.86
16.10
16.00
16.30
16.51
15.95
15.84
15.47
15.79
15.94
15.64
15.32
15.03
15.07
15.04
15.43
15.21
14.96
14.86
14.72
14.73
14.68
15.26
15.15
15.09
15.12
15.63
16.38
16.61
16.61
16.87
16.72
16.50
16.70
16.84
17.02
17.04
16.49
16.11
16.11
15.84
15.78
15.94
15.61
14.98
14.72
14.97
15.02
14.95
14.78
15.36
15.94
15.17
14.97
14.89
15.11
14.82
14.92
15.11
15.17
14.94
14.00
14.47
15.09
15.77
15.64
15.50
15.57
15.82
15.56
15.67
16.26
15.98
15.42
15.41
15.53
14.95
15.26
14.81
15.28
15.01
15.08
15.13
15.65
15.47
15.57
16.17
16.26
16.34
16.58
16.60
16.80
17.15
16.78
16.74
16.43
16.57
16.04
16.53
16.16
16.15
15.91
15.89
16.12
16.14
16.72
16.89
16.76
15.95
15.86
16.02
16.22
16.42
16.27
16.02
15.52
15.50
15.85
16.56
17.03
16.85
16.39
15.99
16.19
16.48
16.75
16.64
16.64
15.96
16.04
16.05
16.06
16.22
15.84
16.03
15.80
16.08
15.80
16.38
16.22
16.31
16.63
16.57
16.92
16.76
16.42
16.27
16.43
16.44
16.32
16.30
16.75
16.66
16.45
16.81
17.33
16.70
16.65
15.90
15.69
15.75
15.18
15.49
15.60
15.00
14.80
14.51
15.08
15.64
15.77
15.66
15.48
15.40
15.79
15.55
15.68
16.27
15.83
15.83
15.74
15.72
16.20
16.33
16.28
16.49
16.58
16.41
16.17
15.99
16.06
16.10
15.51
15.33
14.88
15.07
14.77
15.37
15.89
15.99
15.99
16.15
16.37
16.41
16.65
16.84
17.18
16.61
16.70
17.21
17.31
17.48
17.69
17.32
17.19
17.18
17.09
17.31
16.74
16.24
16.17
16.19
16.39
15.99
16.11
15.85
15.89
15.69
16.00
15.93
16.21
15.74
15.48
16.08
16.13
16.50
16.68
16.81
16.77
16.61
16.13
16.70
16.48
16.60
16.39
15.87
15.24
15.00
15.22
15.57
15.89
15.15
15.11
15.19
15.24
15.73
15.53
15.83
15.81
15.98
16.37
16.36
16.74
17.11
17.06
16.98
17.40
17.29
16.79
16.82
16.15
16.73
16.94
16.64
16.99
16.78
16.70
16.85
16.64
16.31
15.97
16.11
16.17
15.59
15.42
15.37
15.60
15.81
16.64
16.87
17.52
17.33
16.76
17.53
17.24
17.52
17.59
17.59
17.36
17.27
17.17
17.16
17.61
17.26
17.96
17.34
17.44
17.18
17.08
16.93
16.73
16.83
16.82
16.87
16.59
17.22
16.81
16.50
16.15
16.28
16.74
16.14
16.10
16.23
16.11
15.76
15.88
16.66
16.80
16.73
16.30
16.73
16.71
16.81
16.75
16.94
17.18
16.90
16.87
17.06
17.39
17.25
17.46
16.89
16.89
16.75
16.73
16.64
16.99
16.92
16.60
16.43
16.19
16.69
16.36
16.61
16.67
16.67
16.15
15.87
16.29
16.40
16.10
15.74
16.25
15.95
15.46
15.74
16.37
16.74
16.44
16.68
16.80
17.12
17.19
17.06
17.45
17.30
17.15
17.45
17.60
17.28
17.21
17.21
17.02
17.43
17.35
17.03
16.77
16.33
15.76
15.89
15.95
15.49
15.33
15.03
15.16
14.75
14.66
14.37
14.49
13.94
14.28
14.88
15.10
15.31
15.19
15.78
15.89
16.23
16.63
17.14
16.87
16.37
16.28
16.24
16.03
15.96
16.16
16.00
15.86
15.98
15.79
16.14
16.07
16.29
16.65
16.68
16.29
16.18
16.31
16.31
16.49
16.47
16.39
16.13
16.22
16.34
16.62
16.97
17.06
16.94
17.15
17.23
17.06
16.85
16.58
16.67
16.31
15.95
15.72
15.75
15.35
15.37
15.73
15.67
15.89
15.28
15.46
15.25
15.31
15.67
15.63
15.49
15.29
15.68
15.22
15.73
16.44
16.95
16.98
16.46
16.94
16.72
16.85
16.72
17.32
17.16
16.88
16.95
17.13
17.20
16.73
17.11
17.28
17.62
17.16
17.12
17.19
17.36
16.82
17.16
17.14
17.12
16.81
16.61
16.98
17.23
16.89
16.54
17.24
16.84
16.75
16.35
16.49
16.29
16.02
15.63
15.74
15.85
15.67
16.03
16.42
17.05
17.23
17.10
17.29
17.63
17.86
17.56
17.39
16.99
16.96
16.70
16.95
17.28
17.13
16.86
16.81
17.12
17.42
17.73
17.86
17.99
17.30
17.30
17.63
17.50
17.17
17.32
16.89
16.82
16.62
16.07
16.13
16.34
16.05
16.66
16.93
16.54
16.74
16.76
16.48
16.80
17.00
17.10
17.15
16.77
16.80
17.26
17.14
16.84
17.09
17.21
16.97
