16.10
17.15
15.57
15.72
16.12
15.03
15.14
15.20
15.17
14.89
14.95
14.37
14.42
14.46
13.93
14.15
14.18
14.22
14.02
13.88
13.86
13.88
13.77
13.60
13.61
14.14
14.09
13.83
14.39
15.00
14.33
14.00
14.70
14.45
14.60
14.38
14.29
14.45
14.16
14.22
14.89
15.34
14.86
15.21
15.53
15.68
15.48
15.36
15.59
14.94
15.16
15.15
15.35
15.43
15.20
15.53
15.37
15.51
15.29
15.57
15.21
15.53
15.28
14.80
14.87
14.60
14.71
14.09
13.79
13.56
14.00
13.43
13.44
14.03
13.66
13.54
13.60
14.25
14.74
15.03
14.24
14.87
14.99
14.77
14.88
14.45
14.65
14.70
14.41
14.32
14.26
13.81
13.73
13.85
14.29
14.82
14.83
14.51
14.89
15.14
15.59
16.07
16.31
16.53
16.29
16.11
16.59
16.66
16.38
16.60
16.76
16.59
16.79
16.24
16.43
16.33
15.99
16.07
16.06
15.66
16.05
15.82
15.60
16.04
15.80
15.90
15.71
15.72
15.46
15.85
15.59
15.90
15.55
15.52
15.60
15.82
15.99
16.01
16.30
15.84
15.70
15.68
15.89
15.67
15.62
15.78
15.33
15.22
15.09
15.13
14.92
14.95
14.74
15.18
15.35
15.13
15.39
15.83
16.05
15.97
15.75
14.96
14.89
14.71
14.58
14.03
14.03
13.91
13.94
13.98
14.51
15.45
15.66
15.53
15.43
15.89
15.79
15.99
15.84
15.92
15.79
15.39
15.65
15.90
16.05
16.40
16.69
16.13
15.96
16.27
15.93
16.16
16.44
16.13
15.83
15.37
15.19
15.64
15.94
15.44
15.55
15.33
14.75
14.59
14.86
15.19
15.64
15.52
15.32
15.52
15.88
16.22
16.63
17.09
17.44
17.16
16.73
16.95
16.90
16.97
16.71
16.49
16.28
15.80
15.69
15.71
15.67
15.11
15.14
15.00
15.28
15.28
15.19
15.42
15.22
15.14
14.98
15.16
15.05
15.46
15.42
15.18
15.38
15.24
15.32
15.16
15.64
15.89
15.91
15.61
14.92
15.13
15.05
15.08
15.05
15.39
14.81
14.71
14.94
15.15
15.71
15.87
16.03
16.13
15.91
16.21
16.95
17.10
16.96
16.62
16.91
16.65
16.82
16.52
16.81
16.49
16.35
15.97
16.54
17.00
16.83
17.37
16.93
16.83
16.73
16.50
16.43
16.20
15.71
15.44
14.95
14.41
14.70
15.18
15.53
16.21
16.06
16.56
16.58
16.86
17.02
17.49
17.15
17.10
16.62
16.32
16.42
16.57
16.54
16.16
15.70
15.28
15.50
15.45
15.44
15.03
15.08
14.55
14.28
14.73
15.56
15.66
15.53
15.70
15.69
16.05
15.73
16.39
16.34
16.35
16.25
16.28
16.48
16.18
16.29
16.39
16.46
16.12
16.75
16.54
16.46
16.72
16.59
16.58
16.97
17.09
17.46
17.37
16.95
16.63
16.54
16.47
16.50
16.73
16.18
16.11
16.08
16.00
16.08
16.32
16.68
16.19
15.96
15.76
15.58
15.06
14.73
15.39
15.68
15.66
15.06
15.63
15.73
15.76
16.25
16.60
16.67
16.45
16.51
16.65
16.94
16.58
16.64
16.52
16.62
16.67
16.89
16.80
16.68
16.24
16.37
16.69
16.49
16.60
16.01
15.90
15.99
15.80
15.89
16.11
15.58
15.53
15.26
15.30
15.49
15.58
15.33
15.52
15.16
15.08
15.47
15.37
16.09
16.19
16.18
16.43
16.00
15.78
15.89
15.93
15.79
16.07
15.90
16.11
15.99
15.91
16.29
15.92
15.94
16.12
16.10
15.72
15.37
14.99
15.05
14.94
15.28
15.63
15.78
15.54
15.67
15.71
16.02
15.89
16.03
16.18
16.35
16.32
16.17
16.53
16.47
16.50
16.21
16.73
17.03
16.58
15.88
16.53
16.47
16.63
17.15
17.14
17.58
17.55
17.34
17.47
18.20
17.57
18.13
17.68
17.75
17.71
17.60
17.62
17.55
17.53
16.87
16.99
16.42
16.37
15.96
15.90
15.89
15.65
15.75
15.39
15.42
15.30
15.68
15.85
16.02
16.35
16.12
16.46
16.59
17.10
17.37
17.85
17.67
17.85
17.71
17.32
17.51
16.80
16.62
16.43
16.42
16.16
15.77
15.53
15.65
15.90
15.88
16.46
16.67
16.23
16.42
16.22
16.82
16.79
16.45
16.25
16.54
16.66
16.19
16.79
16.48
16.47
16.14
16.29
16.34
16.59
16.89
16.57
16.95
16.67
16.96
17.23
17.63
17.44
17.93
17.72
17.50
17.72
18.08
18.82
18.78
18.64
18.20
18.40
17.92
17.70
17.60
17.54
17.11
16.44
16.67
16.92
17.17
17.03
17.25
17.59
17.44
17.47
17.64
17.46
17.04
16.82
16.94
17.16
16.81
16.96
16.84
16.76
16.56
17.37
17.42
17.20
17.14
17.13
17.48
17.49
17.89
17.54
17.68
17.38
17.46
17.88
17.89
17.94
18.25
18.66
18.36
18.66
18.73
19.00
18.97
19.04
19.02
18.98
18.64
18.04
18.33
18.47
18.54
18.33
18.64
18.22
17.88
17.46
17.55
17.98
17.89
18.33
18.52
18.34
18.17
18.45
18.67
18.65
18.52
18.16
18.19
17.49
17.53
17.55
17.47
17.73
17.17
17.59
17.68
17.61
17.64
18.01
18.14
18.16
18.13
17.80
18.45
18.71
18.65
18.87
18.83
18.68
18.47
18.83
18.86
18.75
18.51
18.42
18.93
18.76
18.89
18.89
18.59
18.30
18.14
18.09
18.37
18.14
17.93
18.50
18.25
17.99
17.97
17.83
18.02
18.28
18.05
18.13
18.10
17.71
17.79
18.35
18.61
18.99
18.97
19.03
19.12
19.37
19.46
19.52
19.42
19.34
19.28
19.18
19.41
19.37
19.31
19.23
18.88
18.43
18.79
18.28
18.39
18.28
18.13
18.09
18.06
17.85
17.61
18.18
18.10
18.59
18.67
18.44
18.47
18.26
18.72
18.72
18.74
18.54
18.85
18.65
18.53
18.85
19.16
19.24
19.02
19.22
19.12
19.08
18.36
18.68
18.71
18.86
18.70
18.63
18.77
19.32
20.06
20.07
20.56
20.12
20.04
19.72
19.45
20.16
19.94
19.48
19.18
19.20
18.78
18.71
18.63
18.92
19.04
18.63
18.68
18.47
18.34
18.58
19.04
19.19
19.41
19.14
19.05
18.91
19.10
19.09
19.47
19.38
19.33
19.47
19.29
19.44
19.33
19.51
19.61
19.84
19.98
19.92
19.70
19.31
19.41
19.48
19.83
19.58
19.40
19.33
18.85
18.83
19.23
19.67
19.62
19.55
19.47
19.52
19.71
19.72
19.76
19.66
19.30
19.44
19.55
19.77
20.00
20.14
20.01
19.89
19.88
19.74
19.94
19.97
19.80
19.84
19.68
19.64
19.11
19.01
19.18
19.38
19.50
19.39
19.50
19.46
19.24
18.57
19.35
19.87
19.80
19.24
19.15
18.90
19.10
18.97
19.37
19.90
19.56
19.14
19.47
20.13
19.83
20.21
19.81
19.86
19.81
20.00
19.87
20.10
19.87
19.97
20.27
19.97
20.08
19.89
19.71
19.56
19.93
19.65
19.75
19.84
19.62
19.94
19.80
20.03
19.79
19.85
19.49
19.36
19.35
19.10
19.41
19.49
19.90
20.03
20.13
20.14
20.50
20.38
20.36
20.56
20.35
19.91
19.54
19.29
19.19
19.47
19.04
19.38
19.25
19.24
19.28
19.54
19.83
19.67
19.72
19.53
19.65
19.49
19.59
19.13
19.25
19.15
19.34
19.64
19.59
19.70
19.50
20.04
19.84
19.89
19.93
19.91
19.73
19.74
20.11
20.18
20.87
20.49
20.86
21.19
21.14
21.04
20.76
20.41
20.51
20.66
20.36
20.58
20.63
20.78
20.87
21.24
21.69
21.62
21.15
21.15
21.12
20.99
20.84
20.79
20.25
20.23
19.84
20.04
20.31
19.87
19.71
19.44
19.46
19.52
19.65
19.18
19.34
19.65
19.69
19.78
20.10
20.47
20.55
20.55
20.77
20.89
20.75
20.57
20.51
20.61
20.56
20.58
20.04
19.78
19.95
20.10
20.09
19.94
20.17
20.12
19.84
19.79
20.17
20.47
20.07
20.27
20.50
20.90
20.69
20.71
20.51
20.69
20.27
19.90
19.85
19.70
19.72
19.03
18.94
18.77
19.10
19.11
19.69
19.58
19.54
19.49
19.55
19.80
20.13
20.31
20.57
20.37
