16.20
17.15
17.37
17.25
16.80
16.53
16.49
16.41
16.41
16.31
16.35
15.56
15.25
15.25
15.14
15.15
14.85
14.83
15.04
15.21
14.92
15.55
15.32
15.26
15.51
15.08
15.34
15.62
15.05
14.41
14.88
14.93
15.46
15.19
15.03
15.34
15.24
14.88
15.61
15.96
15.59
15.62
15.36
15.81
15.91
15.95
15.64
15.59
15.12
15.61
15.94
15.48
15.31
14.97
14.86
15.05
15.12
15.32
15.17
14.65
14.44
14.73
14.87
14.73
14.38
14.34
14.59
14.62
15.16
15.51
15.31
15.31
15.26
15.29
15.78
15.74
15.88
15.82
15.23
14.74
15.29
15.31
15.39
15.69
15.65
15.68
15.94
15.68
16.11
16.60
16.19
16.28
16.39
16.72
16.67
16.86
16.24
15.93
15.60
15.43
15.07
14.80
14.67
14.40
14.24
13.81
13.62
13.82
14.37
14.58
15.04
15.13
15.15
14.70
14.74
15.15
15.51
15.30
14.66
14.63
14.85
15.07
14.28
14.55
14.50
14.05
14.47
15.00
15.01
14.54
14.22
14.01
14.48
14.93
15.26
15.64
15.51
15.64
15.65
16.10
16.07
15.86
15.80
15.65
15.59
15.50
15.04
14.74
14.86
14.36
14.27
14.60
15.25
14.59
14.60
14.62
15.38
15.45
15.35
15.44
15.17
15.09
14.50
14.65
14.89
15.12
14.50
14.43
14.65
14.63
14.79
14.63
14.90
15.23
14.50
14.11
14.37
14.39
14.64
14.78
14.87
15.25
15.19
15.32
15.22
15.37
15.51
15.48
15.05
14.98
15.57
15.67
16.04
15.67
16.70
16.75
16.44
16.41
16.62
16.99
16.65
16.10
15.84
15.94
15.38
15.68
15.74
16.37
16.18
15.90
15.96
16.13
15.64
15.79
15.81
15.21
15.14
14.90
15.03
14.74
14.70
15.00
15.63
15.60
15.82
16.24
16.19
15.75
15.53
15.95
15.74
15.77
15.36
15.27
15.27
14.85
14.61
15.11
15.13
15.11
15.09
14.93
15.14
15.02
14.85
14.96
15.20
15.21
15.59
15.50
15.41
15.11
15.41
15.31
15.65
15.71
16.46
16.57
16.47
16.73
17.17
17.45
17.04
16.90
16.34
16.39
15.52
15.13
15.48
15.35
15.54
15.55
15.58
15.78
16.14
15.98
16.36
16.46
15.87
16.07
15.79
15.46
16.01
16.20
15.96
15.92
15.91
15.97
15.90
15.85
15.44
15.89
15.25
14.86
14.47
14.07
13.97
13.73
14.11
13.72
13.73
13.84
13.93
14.63
15.02
15.65
15.60
15.56
15.49
14.96
15.54
15.41
15.47
15.31
15.28
15.25
15.64
15.63
15.90
16.61
16.20
16.25
16.22
16.37
16.30
16.12
15.82
16.02
15.45
15.59
15.53
15.43
15.67
15.17
15.07
15.39
15.32
15.56
15.74
15.87
15.84
15.84
15.69
15.76
15.83
16.01
16.11
15.57
15.79
15.61
15.33
15.04
15.28
14.93
15.13
14.63
14.40
14.10
14.29
14.33
14.80
15.40
15.20
15.51
15.77
16.37
16.48
17.08
16.62
16.82
16.77
16.56
17.02
16.98
16.83
16.46
16.57
16.66
16.60
16.40
16.88
16.69
16.28
16.38
16.33
16.80
16.70
16.62
16.78
16.94
16.46
16.30
16.34
16.26
16.59
16.11
15.95
15.91
15.98
15.94
16.21
16.21
16.63
16.90
16.74
16.62
16.82
16.73
16.51
16.27
15.97
16.04
15.31
15.24
15.23
15.29
15.06
15.10
15.29
15.43
15.61
15.59
15.65
16.15
16.23
16.05
16.12
16.49
16.44
16.18
16.43
16.56
16.93
16.34
16.21
16.31
16.64
16.14
16.25
16.24
15.83
15.53
15.21
15.38
15.29
15.25
15.03
15.36
15.30
15.48
15.83
16.08
16.02
15.88
15.92
16.04
16.07
16.10
16.10
16.33
16.23
16.46
16.63
16.89
16.85
17.15
17.24
17.62
17.85
17.41
17.24
16.93
17.27
17.43
17.68
17.32
17.17
16.93
16.74
17.04
17.42
17.59
17.63
17.18
16.84
16.71
16.81
16.72
16.78
16.87
16.57
16.89
16.62
16.89
17.28
17.62
17.62
17.64
17.61
17.52
17.30
16.99
17.65
17.49
17.21
16.98
17.28
17.28
17.33
17.34
17.67
17.83
17.52
17.91
18.28
18.47
18.31
18.52
18.62
18.62
18.64
18.57
18.30
17.95
17.72
17.97
17.97
17.86
17.67
17.32
17.24
17.39
17.18
17.46
17.52
17.79
17.77
17.65
17.72
18.09
18.25
17.81
17.88
17.82
17.90
17.26
17.54
17.79
17.64
17.93
17.68
17.96
18.11
17.45
17.10
17.11
16.97
16.37
16.13
15.82
16.22
16.06
16.26
17.08
17.29
17.22
17.21
17.69
18.18
18.13
17.77
17.83
17.46
17.60
17.36
17.30
17.03
17.00
16.94
16.90
16.97
16.63
17.12
16.42
16.69
17.00
17.47
17.47
17.56
17.84
18.00
18.11
17.67
17.84
17.53
17.62
17.26
17.08
17.18
17.25
17.39
17.55
17.86
18.18
18.58
18.40
18.90
18.81
18.52
18.26
18.09
18.43
18.40
18.50
18.54
18.95
18.23
18.49
18.69
18.91
18.93
18.63
18.81
18.45
18.69
18.30
18.63
18.41
18.08
18.11
18.36
18.45
18.02
18.26
17.80
17.72
17.74
17.82
18.02
18.05
17.56
17.75
17.93
17.87
18.26
18.69
18.66
18.87
19.15
19.02
19.28
19.01
19.03
19.10
18.47
18.19
18.18
18.15
17.92
17.66
17.58
17.94
18.15
18.02
18.28
18.03
18.10
18.12
18.00
18.21
18.09
17.81
17.94
18.00
18.30
18.78
18.97
18.80
19.08
19.33
19.08
19.31
18.92
18.93
18.89
18.52
18.23
18.27
18.34
18.24
18.52
18.57
18.76
18.92
18.66
18.91
18.64
18.57
18.86
18.76
18.97
18.69
18.44
18.53
18.87
18.60
18.79
18.73
18.30
18.54
18.79
18.88
19.08
18.64
18.64
19.13
19.01
19.30
19.10
18.87
18.50
18.52
18.56
18.99
18.94
18.81
19.36
19.34
19.42
19.65
19.75
19.79
19.67
19.44
19.39
19.32
19.33
19.09
19.36
19.16
18.97
18.72
18.88
18.76
18.73
18.82
18.79
18.97
18.91
18.75
19.18
19.32
19.33
19.39
19.34
19.37
19.48
19.56
19.46
19.59
19.47
19.83
19.63
19.96
20.14
20.06
19.76
19.66
19.95
19.90
19.87
19.80
19.88
19.31
19.11
18.99
19.29
19.09
19.04
19.33
19.25
19.43
19.63
20.00
20.17
20.10
19.41
19.73
19.55
19.19
19.25
18.88
18.72
18.40
18.35
18.51
18.91
18.58
18.52
18.67
18.61
18.67
18.53
18.78
19.11
18.97
19.28
19.71
19.67
19.50
19.82
19.88
19.66
19.64
19.48
19.67
19.41
19.21
19.30
19.42
18.79
18.71
18.93
19.09
19.06
18.95
19.18
19.23
19.08
18.96
19.35
19.24
19.67
19.28
18.99
19.31
19.19
19.04
18.97
19.43
19.27
19.07
18.78
19.25
19.20
18.82
18.23
18.41
18.52
18.50
18.62
19.23
19.14
18.94
19.16
19.29
19.62
19.31
19.31
18.91
18.72
18.50
18.64
18.85
18.41
18.73
18.74
18.78
18.84
18.89
19.16
19.09
19.09
19.06
19.54
19.23
19.35
19.35
19.34
19.23
18.81
19.12
19.08
18.85
18.78
18.73
18.84
18.92
18.89
19.07
19.22
18.86
18.75
18.80
18.70
18.61
18.77
18.68
18.54
18.46
18.38
18.52
18.67
19.06
18.99
19.04
18.69
18.94
19.17
19.10
19.53
19.68
19.98
19.80
19.88
19.78
20.20
19.98
19.98
20.00
19.91
19.46
19.18
19.09
19.17
19.17
18.62
18.77
18.93
19.27
19.11
19.46
18.98
18.74
18.94
19.16
19.34
19.34
18.96
18.75
18.71
18.56
19.00
19.06
18.80
18.98
19.07
19.37
19.56
19.50
19.63
19.64
19.82
19.66
19.75
19.53
19.15
18.90
18.74
19.10
18.98
19.15
19.11
19.64
19.73
19.64
20.11
20.12
20.09
19.62
19.48
19.29
19.03
18.73
18.50
18.90
18.96
18.87
18.94
19.22
19.20
19.04
18.83
18.54
18.46
18.08
17.93
18.05
18.33
17.92
18.31
18.46
18.93
19.30
19.26
19.39
19.23
18.96
18.89
19.15
