14.40
12.30
11.10
18.70
16.40
13.10
15.60
16.50
18.10
11.90
13.90
10.00
14.20
14.10
11.60
17.80
16.60
14.20
9.00
15.20
13.80
17.00
14.90
11.70
13.90
17.50
15.40
11.10
14.80
16.00
13.50
16.50
16.10
14.00
15.40
19.20
18.70
17.80
18.60
17.40
15.60
19.60
18.70
20.30
19.60
17.30
19.20
15.30
20.00
23.00
17.40
20.40
19.30
17.30
15.60
18.40
16.50
19.00
14.30
20.40
20.60
22.10
17.10
17.80
19.10
15.80
18.50
23.40
18.40
18.20
19.10
18.30
18.90
18.40
17.90
19.30
17.50
19.10
18.60
19.70
19.00
19.10
16.40
18.80
19.60
19.80
15.50
18.60
20.50
17.80
16.00
16.40
18.30
17.50
17.10
16.30
19.00
18.20
19.50
17.00
