13.50
15.10
15.60
13.50
18.30
16.10
14.80
12.10
16.90
13.60
13.70
15.40
11.90
18.40
14.60
15.40
14.80
18.00
11.20
15.00
12.80
15.70
18.40
16.10
14.70
18.40
16.60
15.70
19.20
15.80
13.40
20.50
16.50
18.70
13.90
17.90
20.20
17.90
21.40
21.30
18.50
19.30
21.20
20.20
19.30
16.70
17.40
19.00
21.40
21.20
17.30
19.30
19.50
17.70
18.60
20.30
17.80
17.50
21.60
20.10
18.80
16.40
14.20
19.50
22.30
18.90
17.00
18.70
17.30
17.40
19.70
19.90
19.90
21.00
20.70
17.20
21.60
18.90
18.40
20.60
19.80
19.50
17.60
18.40
19.90
19.20
17.60
19.90
18.00
20.60
17.00
18.90
17.90
19.70
18.80
18.40
17.70
17.00
18.40
19.40
