17.80
12.60
13.00
14.10
16.10
14.70
10.60
17.80
14.00
12.40
11.10
11.50
11.80
9.60
13.50
14.80
17.60
13.30
12.50
14.20
14.00
12.60
14.00
15.00
18.00
13.50
11.40
13.40
14.40
13.90
16.10
8.70
12.90
12.60
11.70
15.60
13.70
16.30
13.60
16.40
13.20
10.70
14.70
14.20
14.40
16.30
12.50
13.60
15.10
17.00
17.30
16.30
13.10
19.20
14.00
17.90
16.20
18.40
15.00
17.00
18.80
15.80
18.00
21.30
18.30
16.10
17.10
15.70
19.60
17.70
17.20
17.50
17.90
17.40
18.70
16.40
15.60
16.90
17.10
16.50
18.10
19.00
15.90
19.30
17.70
17.20
17.90
18.80
18.80
17.00
15.70
18.20
17.40
16.30
16.20
16.60
18.10
17.70
17.00
19.00
