14.20
12.50
15.00
17.20
15.70
13.60
20.20
22.00
21.40
22.30
21.30
25.00
24.70
24.40
23.80
24.60
25.00
24.40
25.30
23.80
20.90
25.00
22.60
24.90
23.90
22.60
22.00
22.90
23.60
21.10
21.20
22.80
25.30
21.70
22.50
22.20
25.30
24.10
25.10
23.90
21.30
21.80
21.70
22.90
22.70
23.40
22.60
21.80
22.90
21.10
21.20
19.10
21.70
19.60
19.50
19.20
20.10
20.70
21.90
23.80
21.60
22.50
23.20
23.10
22.70
22.00
22.80
23.20
21.90
20.90
23.20
21.10
19.60
21.50
21.20
22.00
21.80
22.40
19.70
20.90
21.30
22.00
22.00
22.20
22.90
22.60
21.40
21.20
22.50
23.70
23.60
23.90
22.60
23.00
22.20
22.90
22.80
22.30
23.00
22.80
