18.70
11.80
4.10
6.10
18.90
18.30
20.00
21.30
22.30
21.90
22.30
22.30
22.70
22.40
21.50
21.80
22.80
23.00
23.00
23.30
23.00
23.00
23.00
22.40
22.80
22.50
22.40
22.60
22.30
22.70
22.80
23.00
22.70
23.20
24.20
23.70
23.40
24.20
25.00
24.60
24.60
25.00
24.20
23.20
23.50
23.00
23.10
23.00
22.90
23.00
23.00
23.80
24.00
24.00
24.60
24.20
24.40
24.80
24.60
24.20
24.40
24.20
23.60
23.80
23.60
23.80
23.60
24.20
23.60
23.00
23.20
23.00
23.20
23.40
23.10
23.10
23.20
23.10
23.60
23.80
23.80
23.60
24.20
23.70
23.90
24.70
23.30
23.90
23.70
24.20
23.60
23.40
23.60
23.10
23.60
24.00
24.40
23.70
24.40
24.80
