14.70
12.40
13.80
18.50
12.40
12.50
12.20
12.50
10.70
13.80
11.70
16.60
14.90
13.40
11.80
17.60
18.10
15.80
11.10
7.90
12.60
13.70
11.30
13.10
13.40
14.40
14.40
14.50
13.10
16.40
16.30
18.90
17.30
12.70
19.20
16.80
19.10
19.00
16.20
18.50
19.90
14.20
16.90
18.50
20.00
17.20
15.10
17.10
18.40
21.50
22.40
20.80
22.50
20.50
21.50
20.80
19.40
21.50
21.00
18.90
22.10
23.10
24.70
24.50
22.00
22.80
25.80
23.40
24.70
24.70
23.10
24.50
23.20
24.00
23.50
22.80
24.20
24.70
24.70
24.20
26.10
25.30
24.80
25.40
25.20
25.80
25.90
25.40
24.30
25.50
25.90
26.20
24.80
24.40
23.50
24.10
24.70
24.90
24.50
25.80
