13.40
13.70
9.80
13.70
14.80
15.40
13.30
18.00
18.60
16.30
16.10
12.60
15.80
15.50
18.00
17.40
19.90
17.60
15.90
21.30
19.10
16.40
16.70
16.50
15.10
17.00
17.60
21.20
20.40
16.60
17.90
19.20
19.40
16.50
19.00
16.30
20.20
23.20
19.30
17.50
19.80
17.70
19.40
18.20
17.10
20.20
20.30
18.90
17.00
15.50
17.90
15.50
19.90
22.90
18.90
19.10
19.10
18.40
19.80
16.30
17.70
16.90
20.60
20.40
20.10
19.80
20.40
17.00
19.80
20.60
18.50
17.80
19.80
18.60
19.50
21.00
19.20
18.50
18.00
22.40
17.70
21.00
20.20
20.70
20.80
19.40
19.80
22.40
20.20
19.00
22.80
22.20
21.90
22.00
20.00
20.20
20.70
22.00
21.50
19.90
