17.00
10.80
8.90
11.90
10.60
9.50
12.10
10.60
9.10
16.60
19.00
18.80
19.70
19.60
17.50
16.50
12.50
15.00
16.50
19.10
16.10
21.10
21.70
21.70
21.50
22.20
20.60
20.00
21.00
21.00
21.00
20.40
21.00
21.00
20.00
20.40
20.60
21.00
20.60
20.80
21.00
21.00
21.00
20.80
21.00
21.20
21.90
22.80
24.60
26.40
25.00
24.00
24.40
24.60
23.40
23.00
23.00
23.00
23.00
23.10
22.80
22.90
23.00
22.60
23.00
23.40
24.00
22.80
22.70
22.60
22.80
22.70
22.80
22.90
22.50
23.00
22.70
22.90
22.70
22.70
22.60
23.00
23.00
22.90
23.00
23.00
22.80
23.00
23.00
22.80
22.70
23.00
23.00
23.00
23.00
23.00
22.70
23.00
22.90
23.00
