14.00
20.00
5.00
13.00
23.00
22.00
9.00
3.00
26.00
7.00
16.00
22.00
11.00
20.00
6.00
12.00
5.00
2.00
16.00
15.00
2.00
25.00
18.00
23.00
21.00
11.00
9.00
6.00
18.00
17.00
23.00
24.00
25.00
8.00
16.00
17.00
18.00
16.00
19.00
6.00
7.00
15.00
17.00
25.00
27.00
8.00
11.00
23.00
2.00
22.00
1.00
28.00
16.00
5.00
24.00
22.00
17.00
0.00
19.00
4.00
26.00
17.00
23.00
16.00
19.00
21.00
21.00
26.00
13.00
20.00
20.00
26.00
23.00
21.00
12.00
22.00
27.00
26.00
25.00
18.00
22.00
22.00
22.00
17.00
22.00
20.00
23.00
24.00
22.00
20.00
24.00
21.00
24.00
18.00
20.00
22.00
18.00
25.00
26.00
25.00
11.00
25.00
25.00
28.00
10.00
26.00
25.00
19.00
20.00
24.00
24.00
22.00
28.00
22.00
27.00
24.00
25.00
26.00
26.00
26.00
25.00
28.00
24.00
27.00
26.00
22.00
24.00
25.00
22.00
24.00
26.00
23.00
27.00
25.00
22.00
28.00
20.00
23.00
26.00
24.00
18.00
27.00
27.00
25.00
24.00
23.00
21.00
24.00
24.00
25.00
25.00
18.00
24.00
27.00
27.00
28.00
24.00
25.00
22.00
26.00
25.00
24.00
23.00
18.00
26.00
24.00
26.00
28.00
28.00
28.00
26.00
24.00
28.00
22.00
22.00
21.00
26.00
28.00
21.00
26.00
25.00
29.00
25.00
26.00
26.00
25.00
26.00
24.00
23.00
24.00
27.00
26.00
15.00
26.00
22.00
20.00
29.00
28.00
24.00
21.00
21.00
12.00
24.00
19.00
25.00
23.00
24.00
15.00
24.00
22.00
26.00
24.00
27.00
19.00
25.00
29.00
26.00
26.00
24.00
24.00
20.00
23.00
27.00
26.00
22.00
25.00
18.00
17.00
26.00
22.00
25.00
28.00
24.00
22.00
23.00
29.00
29.00
26.00
18.00
25.00
26.00
24.00
27.00
23.00
25.00
20.00
26.00
21.00
25.00
22.00
24.00
27.00
20.00
24.00
22.00
19.00
25.00
26.00
28.00
11.00
17.00
26.00
24.00
24.00
25.00
23.00
19.00
10.00
24.00
28.00
21.00
21.00
25.00
19.00
18.00
29.00
15.00
25.00
27.00
29.00
23.00
24.00
25.00
24.00
23.00
27.00
23.00
19.00
23.00
25.00
21.00
25.00
19.00
16.00
13.00
25.00
24.00
23.00
17.00
28.00
22.00
26.00
23.00
18.00
24.00
22.00
20.00
22.00
20.00
15.00
26.00
18.00
21.00
21.00
27.00
27.00
14.00
26.00
24.00
24.00
24.00
26.00
26.00
25.00
25.00
28.00
23.00
26.00
22.00
28.00
28.00
16.00
20.00
23.00
25.00
21.00
22.00
21.00
23.00
18.00
16.00
29.00
19.00
18.00
28.00
18.00
24.00
26.00
24.00
23.00
14.00
22.00
24.00
13.00
23.00
27.00
23.00
25.00
25.00
26.00
21.00
23.00
28.00
25.00
24.00
27.00
25.00
26.00
28.00
26.00
26.00
25.00
22.00
27.00
24.00
28.00
20.00
24.00
21.00
24.00
24.00
23.00
25.00
24.00
25.00
27.00
26.00
25.00
24.00
28.00
19.00
26.00
24.00
25.00
26.00
25.00
20.00
23.00
27.00
24.00
19.00
19.00
18.00
21.00
27.00
25.00
17.00
24.00
18.00
25.00
23.00
21.00
22.00
20.00
15.00
24.00
25.00
23.00
23.00
22.00
28.00
18.00
22.00
23.00
22.00
18.00
23.00
22.00
19.00
22.00
23.00
26.00
23.00
19.00
21.00
18.00
29.00
26.00
23.00
21.00
23.00
21.00
25.00
22.00
27.00
19.00
17.00
24.00
26.00
23.00
21.00
27.00
19.00
29.00
24.00
29.00
17.00
21.00
23.00
24.00
21.00
22.00
25.00
17.00
20.00
24.00
27.00
20.00
23.00
27.00
13.00
22.00
25.00
24.00
28.00
26.00
15.00
22.00
20.00
23.00
25.00
22.00
21.00
25.00
26.00
27.00
21.00
21.00
21.00
20.00
23.00
21.00
24.00
19.00
17.00
25.00
18.00
23.00
16.00
25.00
26.00
24.00
17.00
26.00
19.00
17.00
17.00
21.00
23.00
22.00
15.00
20.00
14.00
24.00
17.00
19.00
25.00
25.00
14.00
18.00
23.00
19.00
24.00
26.00
24.00
20.00
21.00
17.00
22.00
21.00
18.00
24.00
14.00
21.00
21.00
24.00
22.00
26.00
13.00
13.00
22.00
21.00
16.00
16.00
19.00
20.00
17.00
20.00
23.00
21.00
22.00
16.00
20.00
22.00
14.00
24.00
19.00
21.00
18.00
16.00
20.00
15.00
17.00
25.00
24.00
19.00
22.00
16.00
19.00
24.00
16.00
23.00
15.00
19.00
23.00
21.00
23.00
23.00
21.00
23.00
24.00
21.00
21.00
16.00
22.00
23.00
23.00
24.00
23.00
22.00
29.00
24.00
24.00
21.00
28.00
22.00
20.00
24.00
20.00
26.00
23.00
21.00
24.00
17.00
24.00
16.00
24.00
23.00
21.00
23.00
22.00
24.00
26.00
18.00
24.00
23.00
22.00
25.00
16.00
25.00
25.00
25.00
23.00
25.00
25.00
20.00
26.00
16.00
23.00
24.00
22.00
25.00
24.00
25.00
24.00
23.00
20.00
22.00
22.00
24.00
16.00
23.00
23.00
25.00
24.00
24.00
24.00
23.00
22.00
23.00
22.00
23.00
22.00
21.00
14.00
24.00
22.00
23.00
21.00
28.00
23.00
22.00
24.00
22.00
23.00
23.00
22.00
24.00
21.00
24.00
24.00
23.00
22.00
22.00
28.00
25.00
22.00
22.00
22.00
22.00
23.00
21.00
22.00
21.00
23.00
22.00
22.00
20.00
21.00
24.00
23.00
22.00
23.00
24.00
19.00
17.00
14.00
22.00
24.00
21.00
25.00
25.00
24.00
22.00
22.00
26.00
22.00
22.00
23.00
21.00
23.00
25.00
21.00
23.00
25.00
18.00
20.00
22.00
22.00
12.00
21.00
17.00
20.00
20.00
23.00
22.00
20.00
16.00
23.00
14.00
14.00
24.00
26.00
23.00
24.00
22.00
14.00
23.00
23.00
22.00
22.00
18.00
23.00
18.00
18.00
23.00
25.00
20.00
23.00
22.00
18.00
23.00
23.00
24.00
17.00
24.00
20.00
24.00
23.00
24.00
24.00
24.00
23.00
23.00
21.00
20.00
18.00
21.00
20.00
24.00
27.00
21.00
23.00
24.00
21.00
22.00
22.00
21.00
23.00
20.00
21.00
22.00
21.00
22.00
21.00
24.00
18.00
10.00
21.00
17.00
21.00
23.00
23.00
18.00
22.00
21.00
21.00
21.00
21.00
18.00
21.00
21.00
21.00
18.00
23.00
23.00
23.00
21.00
21.00
21.00
23.00
23.00
23.00
21.00
23.00
21.00
21.00
21.00
23.00
21.00
23.00
21.00
21.00
23.00
23.00
21.00
23.00
23.00
21.00
21.00
21.00
21.00
23.00
23.00
21.00
23.00
21.00
23.00
23.00
23.00
23.00
21.00
23.00
23.00
23.00
23.00
23.00
24.00
23.00
23.00
23.00
23.00
23.00
21.00
24.00
21.00
23.00
21.00
24.00
23.00
23.00
21.00
21.00
21.00
21.00
23.00
21.00
21.00
21.00
21.00
23.00
21.00
21.00
21.00
21.00
21.00
21.00
21.00
21.00
21.00
21.00
21.00
21.00
21.00
24.00
21.00
24.00
24.00
24.00
24.00
24.00
20.00
24.00
24.00
24.00
24.00
24.00
24.00
25.00
24.00
21.00
24.00
24.00
24.00
24.00
24.00
23.00
24.00
24.00
24.00
24.00
24.00
24.00
24.00
24.00
24.00
24.00
24.00
23.00
24.00
25.00
21.00
24.00
21.00
24.00
21.00
25.00
21.00
21.00
23.00
21.00
21.00
24.00
24.00
21.00
24.00
25.00
25.00
24.00
21.00
21.00
24.00
24.00
21.00
21.00
21.00
24.00
21.00
21.00
24.00
21.00
21.00
25.00
21.00
24.00
24.00
24.00
24.00
21.00
24.00
23.00
23.00
23.00
24.00
21.00
23.00
24.00
23.00
21.00
23.00
23.00
23.00
21.00
24.00
21.00
21.00
23.00
21.00
23.00
23.00
23.00
23.00
23.00
23.00
23.00
23.00
23.00
23.00
23.00
23.00
21.00
23.00
23.00
23.00
23.00
23.00
23.00
23.00
23.00
23.00
