23.00
23.00
19.00
27.00
12.00
9.00
24.00
4.00
22.00
15.00
7.00
23.00
8.00
4.00
10.00
4.00
21.00
8.00
26.00
15.00
9.00
14.00
3.00
20.00
12.00
21.00
19.00
3.00
20.00
9.00
8.00
11.00
19.00
25.00
0.00
21.00
14.00
4.00
17.00
22.00
20.00
14.00
7.00
18.00
10.00
19.00
7.00
17.00
23.00
26.00
18.00
19.00
6.00
2.00
15.00
23.00
10.00
19.00
27.00
8.00
10.00
5.00
7.00
17.00
15.00
5.00
15.00
7.00
9.00
16.00
15.00
5.00
27.00
12.00
24.00
2.00
18.00
23.00
25.00
27.00
20.00
10.00
4.00
12.00
8.00
20.00
10.00
21.00
12.00
23.00
15.00
10.00
24.00
15.00
17.00
16.00
8.00
2.00
10.00
7.00
17.00
7.00
15.00
5.00
5.00
2.00
17.00
12.00
27.00
4.00
2.00
17.00
4.00
8.00
4.00
21.00
19.00
14.00
21.00
5.00
6.00
17.00
11.00
18.00
10.00
12.00
15.00
11.00
18.00
0.00
0.00
6.00
6.00
1.00
5.00
21.00
14.00
17.00
4.00
22.00
21.00
8.00
8.00
12.00
16.00
15.00
13.00
22.00
11.00
9.00
8.00
25.00
22.00
22.00
4.00
5.00
16.00
5.00
21.00
20.00
8.00
15.00
21.00
15.00
27.00
28.00
8.00
10.00
22.00
22.00
9.00
7.00
16.00
16.00
15.00
4.00
20.00
17.00
22.00
7.00
14.00
7.00
13.00
13.00
6.00
18.00
20.00
1.00
20.00
13.00
22.00
0.00
13.00
20.00
11.00
5.00
17.00
19.00
14.00
21.00
5.00
15.00
20.00
0.00
24.00
16.00
16.00
22.00
18.00
4.00
21.00
23.00
12.00
1.00
2.00
12.00
11.00
10.00
16.00
18.00
15.00
17.00
8.00
21.00
14.00
12.00
18.00
7.00
8.00
20.00
21.00
16.00
22.00
14.00
24.00
8.00
4.00
4.00
26.00
11.00
15.00
19.00
12.00
13.00
19.00
20.00
28.00
24.00
20.00
10.00
7.00
7.00
0.00
15.00
15.00
22.00
8.00
24.00
13.00
24.00
23.00
5.00
21.00
18.00
4.00
10.00
21.00
0.00
6.00
6.00
8.00
0.00
19.00
2.00
18.00
16.00
22.00
16.00
12.00
21.00
14.00
12.00
20.00
6.00
12.00
3.00
16.00
22.00
17.00
22.00
17.00
15.00
13.00
14.00
16.00
16.00
1.00
4.00
20.00
23.00
10.00
16.00
17.00
11.00
17.00
17.00
17.00
15.00
26.00
15.00
7.00
10.00
9.00
1.00
13.00
16.00
12.00
10.00
8.00
1.00
7.00
11.00
11.00
16.00
21.00
5.00
3.00
17.00
16.00
22.00
17.00
8.00
22.00
20.00
1.00
18.00
22.00
12.00
5.00
1.00
15.00
19.00
6.00
13.00
18.00
7.00
3.00
15.00
2.00
19.00
21.00
18.00
12.00
23.00
21.00
24.00
12.00
12.00
6.00
7.00
15.00
17.00
15.00
16.00
0.00
25.00
6.00
15.00
15.00
13.00
16.00
21.00
25.00
15.00
16.00
8.00
24.00
13.00
11.00
14.00
1.00
15.00
21.00
16.00
8.00
7.00
18.00
12.00
18.00
20.00
13.00
21.00
14.00
22.00
17.00
19.00
9.00
25.00
9.00
15.00
21.00
13.00
19.00
23.00
9.00
10.00
6.00
7.00
12.00
12.00
28.00
8.00
8.00
9.00
2.00
4.00
4.00
13.00
21.00
10.00
16.00
13.00
7.00
26.00
15.00
19.00
9.00
19.00
14.00
9.00
12.00
13.00
3.00
26.00
21.00
12.00
14.00
12.00
18.00
11.00
10.00
8.00
5.00
10.00
7.00
13.00
25.00
16.00
29.00
21.00
26.00
15.00
13.00
19.00
19.00
24.00
5.00
18.00
10.00
14.00
15.00
5.00
12.00
12.00
16.00
8.00
16.00
24.00
9.00
8.00
21.00
25.00
15.00
1.00
16.00
15.00
14.00
3.00
10.00
16.00
17.00
6.00
16.00
15.00
21.00
19.00
11.00
4.00
28.00
14.00
7.00
21.00
21.00
9.00
25.00
11.00
17.00
13.00
25.00
21.00
19.00
23.00
21.00
6.00
24.00
22.00
8.00
15.00
21.00
14.00
16.00
16.00
20.00
15.00
13.00
11.00
24.00
12.00
26.00
10.00
21.00
3.00
17.00
9.00
4.00
17.00
16.00
22.00
11.00
11.00
21.00
18.00
19.00
18.00
20.00
27.00
14.00
26.00
17.00
12.00
9.00
18.00
16.00
11.00
15.00
23.00
17.00
3.00
7.00
21.00
22.00
19.00
17.00
25.00
18.00
14.00
21.00
21.00
17.00
5.00
20.00
19.00
10.00
17.00
15.00
21.00
21.00
3.00
11.00
25.00
18.00
16.00
20.00
25.00
16.00
12.00
22.00
15.00
16.00
24.00
21.00
13.00
11.00
16.00
19.00
13.00
13.00
10.00
22.00
12.00
20.00
18.00
18.00
13.00
5.00
18.00
20.00
16.00
24.00
18.00
22.00
26.00
28.00
13.00
20.00
26.00
12.00
15.00
12.00
14.00
18.00
10.00
21.00
19.00
18.00
11.00
16.00
13.00
13.00
19.00
8.00
7.00
22.00
25.00
19.00
22.00
24.00
11.00
23.00
19.00
14.00
18.00
23.00
24.00
20.00
21.00
27.00
21.00
24.00
21.00
17.00
24.00
16.00
20.00
5.00
21.00
18.00
26.00
21.00
15.00
12.00
16.00
20.00
20.00
15.00
20.00
9.00
15.00
18.00
16.00
16.00
14.00
12.00
22.00
18.00
16.00
24.00
25.00
12.00
12.00
20.00
15.00
12.00
9.00
13.00
20.00
20.00
24.00
18.00
6.00
19.00
22.00
13.00
22.00
18.00
26.00
22.00
16.00
14.00
24.00
24.00
17.00
18.00
16.00
18.00
14.00
14.00
28.00
8.00
20.00
21.00
21.00
22.00
21.00
20.00
19.00
13.00
6.00
9.00
20.00
15.00
9.00
16.00
23.00
24.00
22.00
14.00
8.00
21.00
23.00
13.00
16.00
10.00
17.00
19.00
17.00
12.00
26.00
24.00
25.00
16.00
11.00
14.00
21.00
20.00
19.00
17.00
25.00
18.00
13.00
17.00
24.00
16.00
19.00
23.00
18.00
10.00
24.00
25.00
11.00
18.00
14.00
14.00
18.00
17.00
18.00
18.00
16.00
19.00
12.00
19.00
21.00
18.00
12.00
14.00
12.00
10.00
11.00
19.00
20.00
15.00
21.00
13.00
14.00
21.00
17.00
14.00
16.00
17.00
21.00
24.00
16.00
16.00
15.00
11.00
13.00
23.00
18.00
17.00
18.00
14.00
11.00
20.00
13.00
19.00
23.00
19.00
19.00
13.00
14.00
23.00
15.00
17.00
22.00
21.00
20.00
13.00
22.00
17.00
11.00
17.00
19.00
18.00
15.00
20.00
21.00
24.00
25.00
15.00
16.00
9.00
26.00
18.00
16.00
7.00
17.00
22.00
14.00
14.00
16.00
14.00
18.00
25.00
19.00
22.00
24.00
18.00
17.00
15.00
21.00
18.00
17.00
13.00
27.00
24.00
17.00
13.00
16.00
19.00
13.00
22.00
11.00
16.00
17.00
18.00
17.00
14.00
19.00
23.00
15.00
16.00
10.00
16.00
16.00
22.00
18.00
21.00
20.00
25.00
15.00
18.00
19.00
19.00
23.00
18.00
21.00
16.00
15.00
17.00
22.00
17.00
19.00
14.00
27.00
18.00
19.00
13.00
18.00
22.00
21.00
21.00
15.00
21.00
15.00
14.00
17.00
17.00
16.00
15.00
19.00
18.00
16.00
7.00
11.00
16.00
15.00
19.00
21.00
22.00
12.00
14.00
12.00
17.00
18.00
17.00
20.00
20.00
16.00
20.00
28.00
14.00
19.00
19.00
25.00
12.00
16.00
15.00
24.00
11.00
19.00
15.00
14.00
14.00
18.00
16.00
20.00
18.00
15.00
15.00
18.00
17.00
14.00
17.00
16.00
12.00
14.00
18.00
12.00
22.00
20.00
21.00
16.00
14.00
16.00
13.00
16.00
19.00
17.00
17.00
17.00
23.00
18.00
20.00
19.00
16.00
15.00
16.00
17.00
19.00
18.00
19.00
18.00
17.00
18.00
17.00
21.00
7.00
22.00
17.00
21.00
22.00
15.00
17.00
13.00
21.00
17.00
16.00
16.00
15.00
18.00
23.00
19.00
21.00
20.00
16.00
26.00
15.00
15.00
18.00
17.00
