20.00
25.00
1.00
21.00
12.00
19.00
21.00
18.00
0.00
10.00
23.00
2.00
8.00
2.00
11.00
14.00
13.00
19.00
11.00
21.00
2.00
15.00
17.00
25.00
12.00
10.00
19.00
20.00
8.00
10.00
20.00
22.00
17.00
6.00
20.00
15.00
20.00
22.00
27.00
16.00
16.00
3.00
23.00
10.00
10.00
18.00
5.00
2.00
14.00
23.00
20.00
18.00
7.00
13.00
11.00
6.00
9.00
6.00
13.00
22.00
15.00
5.00
10.00
6.00
19.00
6.00
4.00
23.00
26.00
8.00
25.00
16.00
7.00
7.00
8.00
13.00
14.00
10.00
17.00
8.00
5.00
10.00
5.00
2.00
14.00
14.00
5.00
17.00
21.00
14.00
2.00
14.00
5.00
7.00
15.00
23.00
15.00
21.00
18.00
18.00
10.00
22.00
3.00
4.00
13.00
22.00
6.00
9.00
14.00
14.00
22.00
19.00
18.00
18.00
18.00
5.00
17.00
22.00
9.00
18.00
19.00
16.00
18.00
12.00
19.00
16.00
4.00
13.00
17.00
15.00
10.00
17.00
13.00
11.00
16.00
19.00
11.00
7.00
21.00
9.00
14.00
1.00
3.00
9.00
17.00
19.00
8.00
14.00
14.00
19.00
21.00
12.00
20.00
17.00
19.00
16.00
19.00
19.00
10.00
23.00
17.00
20.00
19.00
15.00
21.00
17.00
17.00
21.00
21.00
13.00
17.00
19.00
17.00
13.00
12.00
11.00
15.00
21.00
18.00
15.00
11.00
6.00
9.00
9.00
11.00
14.00
11.00
7.00
11.00
22.00
7.00
8.00
10.00
9.00
14.00
7.00
3.00
8.00
9.00
4.00
7.00
13.00
18.00
17.00
22.00
11.00
19.00
11.00
2.00
6.00
7.00
13.00
13.00
13.00
9.00
14.00
11.00
25.00
10.00
22.00
6.00
21.00
6.00
22.00
8.00
2.00
22.00
10.00
5.00
11.00
21.00
16.00
17.00
11.00
7.00
24.00
5.00
9.00
4.00
17.00
14.00
2.00
17.00
18.00
19.00
20.00
13.00
4.00
8.00
19.00
15.00
22.00
22.00
24.00
26.00
18.00
7.00
3.00
6.00
1.00
11.00
14.00
16.00
7.00
7.00
24.00
12.00
16.00
22.00
15.00
7.00
18.00
12.00
24.00
3.00
10.00
20.00
24.00
14.00
13.00
3.00
16.00
26.00
10.00
21.00
18.00
3.00
12.00
6.00
16.00
16.00
18.00
19.00
14.00
26.00
7.00
15.00
13.00
12.00
24.00
7.00
22.00
24.00
9.00
1.00
27.00
22.00
17.00
16.00
18.00
21.00
8.00
21.00
9.00
23.00
23.00
18.00
25.00
22.00
19.00
14.00
7.00
16.00
24.00
22.00
25.00
22.00
25.00
6.00
12.00
18.00
14.00
3.00
12.00
7.00
9.00
22.00
19.00
12.00
11.00
26.00
22.00
2.00
12.00
27.00
24.00
20.00
13.00
26.00
20.00
21.00
7.00
16.00
21.00
7.00
23.00
22.00
20.00
22.00
9.00
20.00
7.00
23.00
24.00
15.00
21.00
21.00
20.00
25.00
15.00
26.00
24.00
11.00
25.00
14.00
21.00
18.00
15.00
12.00
24.00
21.00
17.00
6.00
11.00
17.00
17.00
7.00
19.00
22.00
25.00
6.00
16.00
21.00
14.00
16.00
26.00
14.00
23.00
26.00
23.00
19.00
23.00
22.00
18.00
23.00
25.00
24.00
6.00
27.00
12.00
18.00
21.00
3.00
14.00
18.00
20.00
12.00
14.00
16.00
6.00
21.00
25.00
25.00
9.00
21.00
20.00
16.00
12.00
3.00
17.00
21.00
17.00
21.00
25.00
14.00
7.00
25.00
25.00
6.00
24.00
25.00
18.00
20.00
21.00
16.00
20.00
24.00
23.00
10.00
23.00
18.00
18.00
23.00
24.00
23.00
23.00
8.00
8.00
13.00
14.00
12.00
28.00
19.00
13.00
11.00
7.00
21.00
21.00
17.00
2.00
15.00
19.00
20.00
23.00
12.00
28.00
8.00
18.00
3.00
25.00
11.00
25.00
8.00
23.00
14.00
26.00
21.00
23.00
9.00
24.00
22.00
23.00
17.00
25.00
8.00
24.00
27.00
24.00
24.00
21.00
20.00
23.00
26.00
26.00
23.00
28.00
23.00
16.00
19.00
20.00
24.00
18.00
24.00
28.00
25.00
27.00
17.00
20.00
21.00
4.00
26.00
24.00
25.00
17.00
27.00
16.00
21.00
23.00
22.00
24.00
25.00
25.00
23.00
17.00
18.00
13.00
23.00
22.00
14.00
25.00
18.00
21.00
24.00
26.00
26.00
18.00
23.00
26.00
22.00
11.00
20.00
29.00
27.00
26.00
27.00
15.00
17.00
15.00
15.00
17.00
22.00
25.00
11.00
23.00
25.00
24.00
25.00
19.00
13.00
7.00
12.00
16.00
27.00
20.00
29.00
11.00
26.00
25.00
24.00
25.00
19.00
16.00
27.00
25.00
21.00
28.00
12.00
24.00
18.00
20.00
8.00
22.00
24.00
8.00
14.00
24.00
26.00
25.00
19.00
19.00
23.00
16.00
23.00
25.00
25.00
19.00
26.00
21.00
21.00
22.00
20.00
11.00
26.00
29.00
23.00
26.00
23.00
25.00
23.00
25.00
25.00
24.00
27.00
26.00
24.00
24.00
24.00
24.00
21.00
28.00
27.00
27.00
26.00
25.00
23.00
26.00
24.00
25.00
16.00
26.00
27.00
26.00
24.00
27.00
23.00
8.00
11.00
25.00
24.00
25.00
18.00
24.00
28.00
15.00
21.00
26.00
24.00
22.00
26.00
24.00
27.00
29.00
25.00
29.00
25.00
28.00
24.00
23.00
23.00
25.00
25.00
26.00
29.00
21.00
24.00
21.00
13.00
25.00
25.00
25.00
19.00
23.00
25.00
25.00
25.00
26.00
23.00
27.00
28.00
26.00
23.00
24.00
27.00
24.00
26.00
23.00
25.00
27.00
22.00
26.00
26.00
24.00
24.00
23.00
22.00
26.00
24.00
17.00
23.00
22.00
27.00
24.00
26.00
21.00
29.00
21.00
19.00
28.00
26.00
24.00
27.00
22.00
25.00
25.00
22.00
29.00
18.00
25.00
21.00
18.00
24.00
26.00
25.00
27.00
17.00
27.00
25.00
21.00
27.00
21.00
21.00
16.00
27.00
21.00
26.00
22.00
29.00
21.00
26.00
26.00
27.00
19.00
23.00
21.00
16.00
27.00
27.00
25.00
18.00
25.00
24.00
21.00
25.00
23.00
27.00
23.00
24.00
24.00
28.00
23.00
29.00
22.00
28.00
25.00
23.00
20.00
27.00
25.00
25.00
23.00
27.00
18.00
24.00
25.00
27.00
24.00
24.00
23.00
28.00
27.00
24.00
29.00
27.00
26.00
23.00
20.00
27.00
23.00
19.00
24.00
29.00
26.00
25.00
23.00
28.00
24.00
29.00
24.00
26.00
27.00
26.00
26.00
24.00
26.00
25.00
27.00
24.00
24.00
25.00
26.00
23.00
29.00
24.00
25.00
25.00
23.00
24.00
23.00
23.00
29.00
22.00
25.00
21.00
28.00
28.00
28.00
22.00
28.00
27.00
25.00
26.00
24.00
28.00
20.00
27.00
25.00
22.00
27.00
24.00
29.00
27.00
27.00
26.00
22.00
27.00
24.00
25.00
26.00
27.00
27.00
25.00
26.00
29.00
26.00
28.00
24.00
24.00
27.00
24.00
26.00
29.00
25.00
26.00
27.00
27.00
29.00
26.00
23.00
19.00
23.00
23.00
23.00
28.00
26.00
24.00
17.00
25.00
23.00
26.00
28.00
21.00
29.00
25.00
27.00
26.00
26.00
27.00
21.00
28.00
25.00
24.00
27.00
28.00
27.00
29.00
22.00
23.00
26.00
25.00
28.00
28.00
24.00
25.00
23.00
29.00
28.00
26.00
27.00
27.00
25.00
25.00
29.00
11.00
23.00
28.00
24.00
28.00
27.00
24.00
29.00
28.00
28.00
21.00
26.00
24.00
23.00
26.00
27.00
27.00
14.00
24.00
23.00
27.00
17.00
22.00
24.00
17.00
28.00
26.00
27.00
26.00
24.00
18.00
23.00
29.00
24.00
26.00
26.00
19.00
26.00
24.00
29.00
24.00
25.00
17.00
23.00
26.00
22.00
29.00
28.00
25.00
27.00
23.00
26.00
20.00
28.00
24.00
24.00
27.00
25.00
28.00
24.00
26.00
26.00
19.00
27.00
21.00
26.00
24.00
24.00
29.00
27.00
25.00
26.00
25.00
27.00
23.00
25.00
25.00
26.00
