24.00
23.00
25.00
20.00
16.00
21.00
22.00
13.00
5.00
18.00
25.00
12.00
20.00
20.00
8.00
8.00
15.00
0.00
9.00
1.00
17.00
6.00
2.00
1.00
3.00
1.00
4.00
2.00
2.00
3.00
2.00
3.00
2.00
6.00
12.00
11.00
9.00
3.00
10.00
3.00
12.00
19.00
21.00
18.00
18.00
19.00
19.00
22.00
23.00
18.00
18.00
11.00
19.00
18.00
20.00
22.00
17.00
21.00
17.00
20.00
18.00
21.00
21.00
21.00
20.00
20.00
20.00
17.00
21.00
21.00
21.00
22.00
21.00
18.00
24.00
21.00
23.00
20.00
23.00
20.00
24.00
25.00
24.00
22.00
24.00
23.00
22.00
21.00
19.00
19.00
23.00
18.00
21.00
25.00
20.00
19.00
25.00
24.00
22.00
22.00
22.00
20.00
22.00
26.00
23.00
21.00
23.00
22.00
22.00
22.00
26.00
22.00
22.00
20.00
23.00
23.00
22.00
20.00
20.00
25.00
24.00
22.00
23.00
23.00
20.00
22.00
23.00
23.00
22.00
25.00
21.00
22.00
24.00
23.00
22.00
23.00
22.00
20.00
23.00
24.00
23.00
22.00
20.00
23.00
19.00
21.00
21.00
22.00
22.00
22.00
22.00
18.00
23.00
23.00
21.00
22.00
23.00
21.00
22.00
23.00
23.00
21.00
24.00
22.00
24.00
23.00
23.00
23.00
23.00
22.00
22.00
23.00
23.00
24.00
23.00
23.00
23.00
23.00
22.00
24.00
21.00
23.00
24.00
23.00
24.00
24.00
23.00
22.00
23.00
23.00
24.00
24.00
24.00
22.00
24.00
23.00
24.00
23.00
22.00
23.00
23.00
23.00
23.00
23.00
24.00
23.00
24.00
21.00
23.00
23.00
23.00
23.00
23.00
23.00
23.00
23.00
23.00
23.00
23.00
23.00
23.00
23.00
23.00
23.00
23.00
23.00
23.00
23.00
23.00
23.00
23.00
23.00
23.00
23.00
23.00
23.00
22.00
22.00
23.00
19.00
23.00
22.00
23.00
23.00
23.00
22.00
23.00
23.00
23.00
23.00
23.00
23.00
23.00
22.00
22.00
23.00
22.00
22.00
23.00
22.00
23.00
22.00
23.00
23.00
23.00
22.00
21.00
23.00
22.00
22.00
23.00
22.00
23.00
23.00
22.00
22.00
23.00
22.00
23.00
23.00
20.00
21.00
23.00
23.00
22.00
23.00
22.00
23.00
23.00
23.00
22.00
21.00
23.00
23.00
23.00
23.00
23.00
23.00
23.00
23.00
23.00
23.00
23.00
23.00
23.00
22.00
23.00
23.00
23.00
22.00
23.00
23.00
23.00
23.00
23.00
23.00
23.00
23.00
23.00
23.00
22.00
23.00
22.00
22.00
23.00
23.00
23.00
23.00
23.00
23.00
23.00
23.00
23.00
23.00
23.00
23.00
25.00
23.00
23.00
23.00
25.00
23.00
23.00
25.00
25.00
25.00
25.00
21.00
25.00
25.00
20.00
25.00
21.00
25.00
25.00
25.00
25.00
25.00
25.00
21.00
25.00
25.00
25.00
25.00
25.00
21.00
25.00
21.00
21.00
21.00
25.00
21.00
21.00
25.00
25.00
25.00
25.00
25.00
25.00
25.00
25.00
25.00
25.00
25.00
25.00
25.00
25.00
25.00
25.00
25.00
25.00
25.00
25.00
25.00
25.00
25.00
25.00
21.00
25.00
25.00
25.00
21.00
25.00
25.00
25.00
25.00
25.00
25.00
25.00
25.00
25.00
25.00
25.00
25.00
25.00
25.00
25.00
25.00
25.00
25.00
25.00
25.00
25.00
23.00
23.00
25.00
25.00
23.00
23.00
25.00
25.00
19.00
23.00
23.00
23.00
25.00
23.00
23.00
23.00
25.00
23.00
23.00
23.00
25.00
25.00
25.00
23.00
23.00
25.00
20.00
23.00
23.00
23.00
23.00
23.00
23.00
23.00
23.00
23.00
23.00
23.00
23.00
23.00
23.00
22.00
25.00
23.00
23.00
23.00
23.00
23.00
23.00
23.00
23.00
23.00
23.00
23.00
23.00
23.00
23.00
23.00
23.00
23.00
23.00
23.00
23.00
23.00
23.00
23.00
22.00
23.00
23.00
23.00
23.00
23.00
23.00
23.00
23.00
23.00
23.00
22.00
22.00
23.00
25.00
23.00
23.00
23.00
23.00
23.00
23.00
23.00
23.00
23.00
25.00
23.00
25.00
23.00
25.00
25.00
23.00
23.00
25.00
23.00
23.00
25.00
25.00
23.00
25.00
25.00
23.00
23.00
25.00
25.00
23.00
25.00
25.00
25.00
23.00
23.00
23.00
23.00
25.00
25.00
23.00
25.00
25.00
25.00
25.00
25.00
25.00
25.00
25.00
23.00
25.00
25.00
23.00
25.00
25.00
23.00
23.00
23.00
25.00
25.00
23.00
25.00
25.00
25.00
23.00
25.00
25.00
25.00
25.00
25.00
25.00
25.00
25.00
25.00
25.00
25.00
23.00
25.00
25.00
25.00
23.00
25.00
25.00
23.00
25.00
25.00
25.00
25.00
23.00
25.00
25.00
25.00
25.00
23.00
23.00
23.00
25.00
25.00
25.00
25.00
23.00
23.00
25.00
23.00
25.00
25.00
25.00
23.00
25.00
23.00
25.00
25.00
25.00
25.00
25.00
23.00
23.00
23.00
23.00
23.00
23.00
25.00
25.00
23.00
25.00
23.00
23.00
25.00
23.00
25.00
25.00
23.00
23.00
25.00
23.00
23.00
23.00
23.00
25.00
23.00
23.00
23.00
23.00
25.00
23.00
23.00
25.00
23.00
25.00
23.00
23.00
23.00
23.00
25.00
25.00
23.00
25.00
23.00
23.00
23.00
23.00
25.00
25.00
23.00
23.00
25.00
23.00
25.00
23.00
23.00
25.00
25.00
25.00
25.00
25.00
23.00
23.00
25.00
23.00
23.00
23.00
25.00
23.00
23.00
23.00
23.00
25.00
23.00
23.00
23.00
23.00
23.00
23.00
23.00
23.00
23.00
23.00
23.00
23.00
23.00
23.00
23.00
23.00
23.00
23.00
23.00
25.00
23.00
23.00
23.00
23.00
23.00
23.00
23.00
23.00
23.00
23.00
23.00
23.00
23.00
23.00
23.00
23.00
25.00
23.00
23.00
23.00
23.00
23.00
25.00
23.00
23.00
23.00
23.00
25.00
23.00
23.00
23.00
23.00
23.00
23.00
23.00
25.00
22.00
23.00
23.00
23.00
23.00
23.00
22.00
23.00
23.00
23.00
23.00
23.00
25.00
23.00
23.00
23.00
23.00
23.00
25.00
23.00
23.00
23.00
23.00
23.00
25.00
23.00
23.00
23.00
23.00
23.00
22.00
23.00
23.00
23.00
23.00
21.00
25.00
25.00
25.00
25.00
23.00
23.00
23.00
23.00
23.00
23.00
25.00
25.00
25.00
23.00
25.00
23.00
23.00
23.00
23.00
23.00
25.00
23.00
23.00
23.00
25.00
23.00
25.00
25.00
23.00
25.00
23.00
25.00
22.00
23.00
25.00
23.00
23.00
24.00
23.00
25.00
23.00
25.00
23.00
25.00
23.00
25.00
25.00
25.00
23.00
22.00
23.00
25.00
25.00
25.00
22.00
25.00
25.00
22.00
25.00
23.00
23.00
24.00
25.00
23.00
23.00
23.00
25.00
25.00
24.00
25.00
25.00
25.00
25.00
23.00
25.00
25.00
25.00
25.00
24.00
23.00
25.00
25.00
22.00
23.00
23.00
22.00
23.00
23.00
23.00
23.00
25.00
25.00
25.00
23.00
23.00
23.00
25.00
24.00
25.00
25.00
25.00
24.00
23.00
22.00
22.00
25.00
23.00
23.00
25.00
25.00
24.00
24.00
24.00
23.00
25.00
25.00
23.00
24.00
23.00
24.00
24.00
25.00
22.00
25.00
23.00
23.00
25.00
22.00
23.00
23.00
22.00
22.00
25.00
25.00
23.00
25.00
23.00
23.00
24.00
23.00
24.00
23.00
23.00
23.00
23.00
25.00
25.00
23.00
23.00
23.00
23.00
22.00
23.00
23.00
25.00
23.00
23.00
23.00
23.00
23.00
25.00
23.00
23.00
25.00
25.00
23.00
23.00
23.00
23.00
25.00
23.00
23.00
23.00
25.00
25.00
25.00
23.00
25.00
23.00
25.00
25.00
23.00
23.00
25.00
25.00
25.00
25.00
25.00
25.00
23.00
25.00
23.00
25.00
20.00
23.00
25.00
23.00
25.00
25.00
25.00
25.00
25.00
25.00
23.00
25.00
23.00
25.00
23.00
25.00
25.00
25.00
25.00
25.00
25.00
23.00
25.00
25.00
25.00
