15.00
28.00
13.00
9.00
22.00
21.00
20.00
16.00
11.00
15.00
25.00
0.00
14.00
14.00
8.00
3.00
14.00
10.00
4.00
16.00
19.00
8.00
6.00
10.00
1.00
2.00
3.00
12.00
5.00
23.00
5.00
8.00
20.00
1.00
14.00
22.00
21.00
20.00
4.00
4.00
22.00
10.00
8.00
14.00
15.00
1.00
12.00
14.00
5.00
5.00
16.00
6.00
11.00
1.00
4.00
18.00
7.00
9.00
9.00
14.00
23.00
13.00
16.00
13.00
9.00
8.00
12.00
11.00
9.00
7.00
16.00
12.00
11.00
12.00
13.00
9.00
10.00
8.00
8.00
7.00
9.00
10.00
9.00
8.00
9.00
8.00
9.00
10.00
8.00
11.00
11.00
22.00
17.00
11.00
11.00
21.00
18.00
23.00
14.00
18.00
18.00
13.00
17.00
20.00
22.00
22.00
19.00
19.00
22.00
18.00
23.00
23.00
22.00
19.00
10.00
20.00
18.00
21.00
21.00
11.00
22.00
13.00
24.00
23.00
19.00
22.00
16.00
16.00
21.00
21.00
15.00
20.00
23.00
20.00
23.00
16.00
15.00
24.00
24.00
16.00
20.00
21.00
15.00
15.00
22.00
16.00
21.00
14.00
10.00
21.00
23.00
14.00
8.00
9.00
22.00
23.00
12.00
17.00
13.00
24.00
17.00
14.00
8.00
14.00
11.00
14.00
9.00
11.00
13.00
14.00
18.00
9.00
18.00
12.00
15.00
8.00
11.00
24.00
20.00
15.00
15.00
14.00
21.00
13.00
18.00
9.00
23.00
16.00
14.00
22.00
17.00
22.00
22.00
23.00
26.00
18.00
16.00
13.00
16.00
18.00
16.00
18.00
15.00
9.00
15.00
16.00
22.00
16.00
18.00
16.00
22.00
22.00
24.00
22.00
18.00
22.00
22.00
21.00
16.00
22.00
16.00
21.00
23.00
23.00
22.00
22.00
22.00
22.00
22.00
24.00
22.00
21.00
22.00
22.00
22.00
18.00
22.00
22.00
21.00
25.00
20.00
18.00
23.00
21.00
22.00
20.00
23.00
23.00
23.00
22.00
23.00
23.00
22.00
21.00
23.00
22.00
22.00
22.00
22.00
22.00
22.00
22.00
22.00
19.00
20.00
22.00
19.00
20.00
19.00
21.00
22.00
19.00
19.00
21.00
19.00
19.00
20.00
19.00
21.00
21.00
21.00
21.00
21.00
21.00
21.00
21.00
21.00
21.00
21.00
21.00
21.00
21.00
21.00
21.00
21.00
21.00
21.00
21.00
21.00
21.00
21.00
21.00
21.00
21.00
21.00
21.00
21.00
21.00
21.00
21.00
21.00
21.00
21.00
21.00
21.00
21.00
21.00
21.00
15.00
21.00
21.00
21.00
21.00
21.00
21.00
21.00
21.00
21.00
21.00
21.00
21.00
21.00
21.00
21.00
21.00
21.00
21.00
21.00
21.00
21.00
21.00
19.00
21.00
21.00
19.00
19.00
21.00
19.00
19.00
21.00
19.00
19.00
21.00
21.00
19.00
21.00
21.00
21.00
21.00
21.00
19.00
21.00
21.00
21.00
19.00
21.00
21.00
21.00
21.00
21.00
21.00
21.00
21.00
21.00
21.00
21.00
21.00
21.00
21.00
21.00
21.00
21.00
21.00
21.00
21.00
21.00
19.00
21.00
19.00
21.00
21.00
21.00
21.00
19.00
21.00
21.00
21.00
21.00
21.00
21.00
21.00
21.00
21.00
21.00
21.00
21.00
21.00
21.00
21.00
21.00
21.00
21.00
21.00
21.00
21.00
21.00
21.00
21.00
21.00
21.00
21.00
21.00
21.00
21.00
21.00
21.00
21.00
21.00
21.00
21.00
21.00
21.00
21.00
21.00
21.00
19.00
21.00
21.00
21.00
21.00
21.00
21.00
21.00
21.00
21.00
21.00
21.00
21.00
21.00
21.00
21.00
21.00
21.00
21.00
22.00
21.00
21.00
21.00
21.00
22.00
21.00
22.00
22.00
22.00
22.00
22.00
22.00
22.00
22.00
22.00
22.00
22.00
22.00
22.00
22.00
22.00
24.00
24.00
24.00
24.00
24.00
24.00
24.00
24.00
24.00
24.00
24.00
24.00
27.00
27.00
27.00
27.00
27.00
24.00
27.00
27.00
24.00
27.00
27.00
27.00
24.00
24.00
24.00
24.00
29.00
29.00
24.00
24.00
24.00
24.00
24.00
24.00
24.00
24.00
24.00
24.00
24.00
24.00
24.00
24.00
24.00
24.00
24.00
24.00
24.00
24.00
25.00
25.00
25.00
25.00
25.00
25.00
25.00
25.00
25.00
25.00
23.00
25.00
25.00
23.00
23.00
25.00
25.00
23.00
23.00
23.00
23.00
23.00
23.00
23.00
23.00
23.00
23.00
23.00
23.00
23.00
23.00
23.00
23.00
23.00
23.00
23.00
23.00
23.00
23.00
23.00
23.00
23.00
23.00
23.00
23.00
23.00
23.00
23.00
23.00
23.00
23.00
23.00
23.00
23.00
23.00
23.00
23.00
23.00
23.00
23.00
23.00
23.00
23.00
23.00
23.00
23.00
23.00
23.00
23.00
23.00
23.00
23.00
24.00
23.00
23.00
22.00
22.00
22.00
22.00
23.00
23.00
25.00
23.00
23.00
23.00
23.00
23.00
23.00
23.00
23.00
23.00
22.00
23.00
23.00
23.00
23.00
23.00
23.00
23.00
23.00
23.00
23.00
23.00
23.00
22.00
22.00
23.00
23.00
23.00
22.00
23.00
22.00
23.00
23.00
23.00
23.00
23.00
23.00
23.00
23.00
23.00
23.00
23.00
23.00
23.00
23.00
25.00
23.00
25.00
23.00
23.00
23.00
23.00
23.00
25.00
23.00
23.00
23.00
23.00
25.00
25.00
25.00
23.00
25.00
23.00
23.00
23.00
23.00
23.00
22.00
22.00
23.00
23.00
23.00
23.00
23.00
23.00
22.00
22.00
23.00
23.00
23.00
22.00
23.00
23.00
22.00
22.00
23.00
23.00
23.00
22.00
22.00
23.00
23.00
22.00
23.00
23.00
23.00
23.00
22.00
23.00
23.00
23.00
23.00
23.00
22.00
22.00
23.00
23.00
23.00
22.00
23.00
23.00
23.00
22.00
23.00
23.00
23.00
23.00
23.00
22.00
23.00
23.00
23.00
23.00
22.00
23.00
23.00
23.00
23.00
23.00
23.00
23.00
23.00
23.00
22.00
22.00
22.00
22.00
23.00
22.00
23.00
23.00
23.00
23.00
23.00
23.00
23.00
23.00
23.00
23.00
23.00
23.00
23.00
23.00
22.00
23.00
23.00
23.00
22.00
23.00
23.00
22.00
23.00
23.00
23.00
23.00
22.00
23.00
23.00
23.00
23.00
23.00
23.00
22.00
23.00
22.00
23.00
23.00
23.00
22.00
23.00
23.00
23.00
23.00
23.00
22.00
23.00
23.00
23.00
22.00
22.00
23.00
23.00
22.00
22.00
22.00
23.00
22.00
23.00
23.00
23.00
23.00
23.00
23.00
23.00
23.00
23.00
23.00
23.00
23.00
23.00
23.00
23.00
23.00
23.00
23.00
23.00
23.00
23.00
23.00
23.00
23.00
23.00
23.00
23.00
23.00
22.00
23.00
23.00
23.00
23.00
23.00
23.00
23.00
23.00
23.00
23.00
23.00
23.00
23.00
23.00
23.00
23.00
23.00
23.00
23.00
23.00
23.00
23.00
23.00
23.00
23.00
23.00
23.00
23.00
22.00
22.00
23.00
23.00
23.00
23.00
23.00
23.00
23.00
23.00
23.00
23.00
23.00
23.00
23.00
23.00
23.00
23.00
23.00
23.00
23.00
23.00
23.00
23.00
23.00
23.00
23.00
23.00
23.00
23.00
23.00
22.00
23.00
23.00
23.00
23.00
22.00
23.00
23.00
23.00
23.00
23.00
23.00
23.00
23.00
20.00
23.00
23.00
23.00
23.00
23.00
23.00
23.00
23.00
23.00
23.00
23.00
23.00
23.00
23.00
23.00
23.00
23.00
23.00
23.00
23.00
23.00
23.00
23.00
23.00
23.00
23.00
23.00
23.00
23.00
23.00
23.00
23.00
23.00
23.00
23.00
23.00
23.00
23.00
23.00
23.00
23.00
23.00
23.00
23.00
23.00
23.00
23.00
23.00
23.00
23.00
23.00
23.00
23.00
23.00
23.00
23.00
23.00
23.00
23.00
23.00
23.00
20.00
23.00
23.00
23.00
23.00
23.00
23.00
23.00
23.00
23.00
23.00
23.00
23.00
23.00
23.00
23.00
23.00
22.00
23.00
23.00
23.00
23.00
23.00
23.00
23.00
23.00
23.00
23.00
23.00
23.00
23.00
