12.70
14.85
14.37
15.28
15.20
15.38
15.04
15.04
15.00
15.34
15.59
15.41
15.06
15.13
15.27
15.38
15.67
16.00
16.15
15.47
15.81
16.19
16.79
16.47
16.30
15.68
16.36
16.53
16.83
17.59
17.14
17.14
17.25
17.31
17.47
18.50
17.89
18.05
17.45
17.51
18.19
18.24
18.53
18.74
19.23
19.03
19.30
18.85
19.54
19.54
19.51
19.53
19.54
19.44
19.33
19.55
19.38
19.60
19.76
19.91
19.65
19.38
19.66
20.17
20.17
19.60
19.70
19.73
18.90
18.94
19.35
19.77
19.65
19.39
19.23
19.92
20.28
20.55
21.37
21.34
21.20
21.13
21.17
21.52
22.10
21.86
21.98
21.99
21.47
21.64
21.76
21.94
21.91
21.55
21.02
21.08
20.77
20.85
21.39
21.21
