13.30
14.55
15.37
15.47
16.18
16.20
16.39
16.98
16.72
16.61
16.95
16.93
16.71
16.96
16.43
16.76
16.68
15.82
16.51
16.37
16.10
16.30
16.70
16.65
17.14
17.00
17.28
17.85
17.83
18.03
18.23
18.57
18.69
19.06
19.20
19.42
19.47
19.15
18.67
18.46
18.87
18.78
18.90
18.54
18.62
18.49
18.06
18.56
18.99
19.42
19.79
19.70
19.95
20.43
20.66
20.94
21.50
21.48
21.85
21.68
21.38
21.37
21.29
21.11
20.92
20.91
20.92
21.35
21.15
21.78
21.90
21.83
21.68
21.28
21.19
21.18
21.26
20.90
20.39
20.54
20.38
20.39
20.63
21.15
21.13
20.59
20.12
20.02
20.54
20.45
20.55
20.59
20.46
20.42
20.79
21.32
21.90
21.53
21.08
20.80
