12.00
12.20
13.50
14.53
14.74
15.23
14.97
15.04
15.14
15.39
15.78
16.51
16.31
15.87
16.25
16.32
16.20
16.39
16.20
16.21
16.26
15.35
15.33
15.70
15.53
15.39
15.83
16.15
16.58
16.12
16.36
17.16
18.04
17.65
17.47
17.28
17.62
17.90
17.80
18.73
19.30
19.35
19.11
19.83
20.46
21.06
21.27
20.89
21.15
21.11
20.93
20.69
20.81
20.90
20.81
20.55
20.47
20.61
20.21
19.99
19.77
20.06
20.08
19.70
20.00
20.37
20.50
20.33
20.89
21.19
21.15
21.16
21.02
21.25
20.77
20.51
19.93
20.05
20.00
20.10
19.79
20.10
20.26
20.43
20.53
21.01
21.40
21.59
21.10
21.03
21.61
21.66
21.60
21.69
21.89
21.85
21.90
22.07
22.67
22.93
