14.00
15.25
16.20
15.57
15.20
15.25
15.69
16.01
16.04
15.63
16.09
16.33
15.89
16.00
16.49
16.42
16.15
16.20
16.17
16.72
16.18
15.90
16.19
16.08
15.64
16.41
16.63
16.66
17.04
16.91
17.59
17.98
18.65
19.22
19.72
19.75
20.01
19.82
19.75
20.17
20.28
20.29
19.94
19.88
19.61
19.08
18.69
18.49
18.77
18.96
18.12
18.16
18.16
17.89
18.39
18.35
18.90
19.65
19.60
19.36
20.08
20.13
20.25
20.89
20.94
21.20
21.02
20.72
20.86
21.05
21.39
21.22
21.25
20.96
20.90
20.68
20.52
20.77
20.35
20.54
20.08
20.42
20.37
20.44
20.44
20.70
20.90
20.78
21.20
21.07
21.14
20.66
20.62
20.03
20.03
20.20
20.35
20.03
19.68
19.56
