15.90
15.85
14.30
14.40
14.66
15.22
15.26
15.56
15.77
15.55
15.54
15.14
15.40
15.31
15.35
15.33
15.36
15.08
15.27
15.11
15.10
15.72
15.89
16.45
16.79
17.01
17.64
17.92
17.09
17.43
17.64
17.50
17.69
17.37
17.21
17.40
16.97
16.91
17.66
18.07
18.53
18.86
19.20
19.66
19.61
19.69
20.06
19.95
20.35
20.46
20.41
20.37
20.16
20.24
20.60
20.49
20.23
20.45
19.73
19.55
19.05
19.23
19.42
19.45
19.52
19.25
19.42
19.94
20.60
20.51
20.63
20.29
20.10
20.11
19.93
20.35
20.52
20.39
19.57
19.10
19.50
19.89
19.70
19.61
19.60
19.30
19.43
18.87
19.89
20.00
19.66
19.92
20.54
20.77
20.12
20.18
20.07
20.67
20.30
21.16
