16.60
10.40
11.60
14.80
11.60
11.20
15.80
14.00
16.20
14.60
15.60
16.80
13.70
14.50
16.50
12.70
16.80
16.20
14.80
14.10
16.30
10.50
16.30
13.80
11.90
17.10
12.50
15.20
15.30
14.60
18.20
13.70
15.70
12.20
16.70
17.40
11.70
16.50
15.20
19.30
14.60
14.50
14.90
15.00
16.40
11.20
13.50
16.00
15.80
15.40
13.40
16.30
16.50
14.20
17.40
15.30
19.60
14.30
18.50
19.00
22.00
15.90
19.20
15.40
16.00
18.20
20.90
14.60
18.40
15.20
16.40
20.30
17.30
21.40
13.30
11.50
14.90
15.70
16.10
18.00
17.40
15.10
14.30
20.70
17.80
16.00
17.20
16.90
13.40
15.30
17.10
18.10
14.50
19.30
15.30
15.40
17.40
15.80
15.30
17.80
