1.30
1.35
1.37
1.35
1.32
1.35
1.34
1.35
1.40
1.35
1.39
1.42
1.37
1.34
1.38
1.37
1.36
1.42
1.32
1.30
1.30
1.31
1.36
1.38
1.30
1.24
1.31
1.26
1.25
1.32
1.22
1.17
1.12
1.17
1.23
1.25
1.18
1.14
1.24
1.30
1.40
1.38
1.41
1.28
1.26
1.35
1.30
1.30
1.29
1.23
1.18
1.21
1.16
1.27
1.23
1.23
1.33
1.39
1.36
1.28
1.34
1.31
1.30
1.32
1.40
1.40
1.30
1.20
1.19
1.30
1.17
1.20
1.30
1.29
1.34
1.31
1.36
1.40
1.42
1.37
1.50
1.60
1.63
1.54
1.51
1.53
1.46
1.45
1.43
1.43
1.45
1.36
1.30
1.48
1.51
1.45
1.60
1.66
1.71
1.66
