0.70
0.80
1.00
1.15
1.10
1.20
1.24
1.24
1.17
1.11
1.14
1.20
1.12
1.09
1.13
1.07
1.07
1.08
1.09
1.17
1.25
1.19
1.27
1.31
1.31
1.39
1.30
1.34
1.40
1.47
1.44
1.51
1.52
1.41
1.38
1.37
1.48
1.40
1.47
1.38
1.42
1.52
1.42
1.47
1.56
1.53
1.43
1.52
1.46
1.47
1.37
1.15
1.29
1.37
1.26
1.27
1.33
1.29
1.30
1.30
1.31
1.32
1.27
1.15
1.20
1.10
1.03
1.03
1.04
1.06
1.10
1.16
1.18
1.15
1.15
1.32
1.47
1.50
1.53
1.54
1.61
1.58
1.56
1.69
1.68
1.66
1.63
1.55
1.42
1.36
1.26
1.33
1.33
1.25
1.24
1.13
1.03
1.03
1.09
1.06
