2.10
2.05
2.00
1.85
1.80
1.73
1.73
1.64
1.63
1.53
1.45
1.30
1.30
1.39
1.35
1.32
1.32
1.44
1.42
1.47
1.43
1.48
1.41
1.31
1.28
1.30
1.24
1.23
1.26
1.35
1.36
1.43
1.45
1.45
1.52
1.57
1.59
1.51
1.50
1.45
1.39
1.35
1.41
1.45
1.45
1.33
1.38
1.44
1.49
1.48
1.59
1.63
1.55
1.49
1.47
1.59
1.50
1.44
1.36
1.32
1.29
1.29
1.28
1.22
1.24
1.27
1.42
1.51
1.53
1.58
1.63
1.55
1.57
1.63
1.62
1.60
1.50
1.41
1.43
1.38
1.28
1.25
1.31
1.32
1.24
1.20
1.16
1.20
1.19
1.19
1.37
1.50
1.42
1.39
1.48
1.46
1.53
1.49
1.40
1.52
