0.60
0.90
1.53
1.65
1.58
1.47
1.44
1.34
1.38
1.47
1.52
1.52
1.46
1.41
1.37
1.45
1.57
1.66
1.66
1.59
1.58
1.51
1.38
1.35
1.30
1.32
1.18
1.14
1.21
1.20
1.23
1.35
1.34
1.38
1.52
1.45
1.41
1.36
1.23
1.20
1.23
1.26
1.34
1.29
1.21
1.18
1.21
1.23
1.23
1.29
1.31
1.34
1.34
1.35
1.38
1.45
1.50
1.56
1.55
1.62
1.50
1.41
1.32
1.43
1.47
1.35
1.35
1.33
1.35
1.30
1.33
1.29
1.34
1.36
1.36
1.49
1.50
1.53
1.49
1.46
1.44
1.49
1.51
1.46
1.47
1.41
1.38
1.37
1.44
1.31
1.36
1.41
1.39
1.29
1.18
1.26
1.37
1.42
1.37
1.37
