1.20
1.20
1.13
1.25
1.16
1.15
1.20
1.21
1.22
1.25
1.25
1.23
1.29
1.26
1.36
1.35
1.39
1.45
1.48
1.46
1.58
1.56
1.50
1.47
1.42
1.46
1.39
1.34
1.33
1.40
1.22
1.26
1.29
1.34
1.37
1.36
1.37
1.32
1.25
1.13
1.15
1.16
1.16
1.18
1.19
1.28
1.21
1.23
1.36
1.37
1.46
1.49
1.43
1.42
1.42
1.33
1.38
1.43
1.36
1.38
1.27
1.29
1.32
1.32
1.29
1.29
1.27
1.19
1.16
1.18
1.26
1.19
1.24
1.23
1.25
1.30
1.34
1.46
1.47
1.43
1.39
1.43
1.40
1.40
1.43
1.35
1.39
1.32
1.35
1.41
1.40
1.47
1.42
1.50
1.44
1.51
1.43
1.40
1.35
1.31
