8.30
8.60
9.07
9.20
9.34
9.50
9.33
9.36
9.09
9.32
9.17
9.28
9.21
9.31
9.11
9.24
9.19
9.07
9.10
9.10
9.47
9.44
9.34
9.28
9.35
9.06
9.16
9.28
9.32
8.69
8.70
8.60
8.92
8.76
8.79
8.69
8.84
8.87
9.05
9.66
9.61
9.64
9.40
9.41
9.32
9.66
9.69
9.71
9.50
9.34
9.34
9.26
9.13
8.93
9.06
8.85
8.70
8.63
8.78
8.45
8.42
8.23
8.37
8.92
9.00
9.04
9.08
8.96
8.85
8.95
9.22
9.39
9.45
9.14
8.95
8.60
8.74
9.00
9.13
9.43
9.34
9.39
9.48
9.54
9.66
9.99
9.98
9.91
9.84
9.73
9.10
9.11
9.23
9.01
9.08
9.04
8.94
9.07
9.17
9.36
9.79
9.80
9.39
9.57
9.25
9.40
9.11
8.92
8.72
8.34
8.44
8.50
8.74
8.74
8.97
8.69
8.85
8.73
8.82
8.95
8.82
8.90
8.96
8.75
8.68
8.90
8.89
9.23
9.42
9.23
9.06
8.92
8.45
8.70
8.86
8.89
9.10
8.62
8.79
9.00
9.32
9.30
9.43
9.59
9.27
9.25
9.22
9.34
9.19
9.35
9.24
9.53
9.89
9.91
9.99
9.98
9.94
9.72
9.48
9.28
9.20
9.01
8.80
8.52
8.67
8.94
9.09
9.42
9.49
9.50
9.74
9.68
9.88
9.93
9.95
9.52
9.15
9.18
9.11
9.20
9.03
8.99
8.72
8.81
8.91
9.16
9.23
9.52
9.74
9.72
9.55
9.81
9.88
9.77
9.49
9.51
9.40
9.16
8.95
9.02
9.07
8.90
8.99
9.00
9.07
9.17
9.24
9.10
9.53
9.56
9.46
9.43
9.45
9.59
9.57
9.30
9.23
9.45
9.04
8.92
9.04
9.11
8.96
8.77
8.91
9.14
9.41
9.55
9.57
9.74
10.10
10.22
10.18
10.17
10.04
9.93
9.95
9.73
9.76
9.75
9.52
9.35
9.74
9.73
9.88
9.83
9.66
9.44
9.38
9.18
9.11
9.27
9.14
9.22
9.13
9.16
9.19
9.54
9.62
9.74
9.64
9.51
9.32
9.36
9.53
9.59
9.58
9.34
9.50
9.59
9.72
9.82
10.08
10.22
10.22
10.08
10.27
10.49
10.41
10.19
10.24
10.38
10.27
10.28
10.20
10.45
10.54
10.65
10.58
10.90
11.04
10.98
10.99
10.52
10.12
10.02
9.72
9.65
9.77
9.73
9.21
9.10
9.04
9.47
9.78
9.91
9.77
9.61
9.36
9.20
9.65
9.64
9.66
9.63
9.76
9.63
9.87
10.03
10.22
10.21
10.02
9.84
9.86
9.70
9.65
9.73
9.93
9.68
9.67
9.71
10.08
10.03
10.02
10.32
10.33
10.11
9.93
10.02
9.84
9.73
9.45
9.82
9.93
9.65
9.51
9.57
9.42
9.46
9.63
9.65
9.67
9.52
9.23
9.20
9.30
9.47
9.55
9.43
9.61
9.97
10.12
10.24
10.44
10.90
10.89
10.83
11.16
11.33
11.07
10.72
10.67
10.42
10.42
10.00
9.83
9.60
9.45
9.51
9.69
9.53
9.22
9.49
9.38
9.59
9.89
9.97
9.69
9.52
9.52
9.62
9.82
9.62
9.67
9.72
9.75
9.71
10.04
10.37
10.44
10.72
10.96
10.95
11.19
11.17
11.27
11.45
11.51
11.35
11.13
11.09
11.16
11.24
11.15
11.02
10.88
10.66
10.53
10.48
10.78
10.61
10.19
10.06
10.05
10.16
10.25
10.38
10.51
10.49
10.41
10.43
10.57
10.45
10.13
10.07
9.98
10.10
9.98
9.91
9.64
9.71
9.79
10.16
10.42
10.47
10.77
10.69
10.93
11.17
11.33
11.60
11.56
11.55
11.47
11.43
11.30
11.50
11.33
11.21
11.21
10.93
10.73
10.58
10.70
10.76
10.70
10.78
10.78
10.69
10.65
10.74
11.05
11.24
11.38
11.35
11.26
10.93
10.90
10.82
10.88
10.81
10.98
10.82
10.81
10.92
10.93
10.99
11.01
11.33
11.47
11.85
11.82
12.08
11.99
12.02
12.19
12.40
12.33
12.20
12.42
12.28
12.27
12.19
12.46
12.57
12.46
12.56
12.91
12.97
12.77
12.72
12.67
12.73
12.60
12.42
12.60
12.53
12.35
12.42
12.59
12.47
12.29
12.35
12.14
12.08
12.03
11.97
12.14
12.20
12.10
11.99
11.99
12.03
12.24
12.35
12.39
12.40
12.21
11.95
11.74
11.99
12.17
11.92
11.82
11.85
11.70
11.63
11.63
11.75
11.90
11.87
11.85
12.10
12.25
12.29
12.32
12.32
12.32
12.19
12.35
12.42
12.48
12.23
12.22
12.29
12.30
12.25
12.10
12.20
12.18
12.07
11.83
12.01
12.01
11.67
11.72
11.82
11.87
11.89
11.73
11.84
12.08
12.12
11.98
12.10
12.10
12.14
12.36
12.49
12.66
12.49
12.45
12.41
12.42
12.51
12.35
12.25
12.24
12.17
12.19
12.38
12.35
12.14
12.08
12.18
12.54
12.65
12.49
12.56
12.42
12.43
12.49
12.59
12.89
12.79
12.59
12.50
12.62
12.58
12.56
12.41
12.34
12.48
12.25
12.23
12.12
12.30
12.41
12.55
12.69
12.87
12.95
13.00
12.95
12.99
13.18
13.14
12.99
12.84
12.88
12.64
12.68
12.50
12.63
12.73
12.57
12.41
12.52
12.59
12.48
12.63
12.55
12.80
12.87
12.88
13.04
13.26
13.09
13.10
13.17
13.14
13.31
13.24
13.25
13.27
13.31
13.12
13.31
13.30
13.36
13.55
13.45
13.29
13.33
13.21
13.16
13.24
13.19
13.25
13.28
13.29
13.25
13.41
13.39
13.42
13.39
13.41
13.43
13.27
13.24
13.24
13.31
13.19
13.18
13.37
13.42
13.56
13.46
13.58
13.47
13.40
13.33
13.47
13.39
13.23
13.24
13.20
13.24
13.23
13.39
13.38
13.51
13.55
13.60
13.51
13.57
13.57
13.56
13.57
13.45
13.24
13.23
13.14
13.12
13.31
13.17
13.20
13.34
13.27
13.28
13.39
13.24
13.33
13.46
13.40
13.39
13.32
13.34
13.40
13.46
13.55
13.68
13.61
13.45
13.43
13.43
13.48
13.37
13.43
13.42
13.43
13.41
13.43
13.58
13.64
13.64
13.48
13.58
13.48
13.37
13.25
13.34
13.35
13.31
13.14
13.35
13.39
13.30
13.30
13.20
13.29
13.10
13.08
12.97
13.16
12.97
13.05
13.18
13.11
13.35
13.40
13.53
13.64
13.72
13.67
13.87
13.77
13.69
13.89
13.81
13.90
13.97
13.84
13.80
13.89
13.80
14.00
14.12
14.07
14.18
14.14
14.05
14.15
14.14
14.11
14.16
14.01
13.89
13.90
13.83
13.83
13.75
13.68
13.79
13.63
13.60
13.69
13.74
13.78
13.83
13.84
13.96
13.98
13.95
14.06
14.03
14.06
13.96
13.96
13.71
13.69
13.70
13.62
13.66
13.65
13.75
13.71
13.83
13.88
14.12
14.10
14.05
14.15
14.11
14.16
14.16
14.16
14.08
13.95
13.96
13.91
13.93
13.91
13.76
13.76
13.75
13.76
13.85
13.77
13.76
13.87
13.93
13.96
14.06
14.12
13.97
13.99
13.88
14.04
14.04
14.04
14.08
14.14
14.12
14.06
14.13
14.05
14.11
14.15
14.11
14.10
14.08
14.02
14.11
14.16
14.21
14.31
14.39
14.37
14.38
14.43
14.41
14.47
14.49
14.35
14.36
14.28
14.05
14.05
14.06
13.99
14.00
13.95
13.86
13.93
13.90
13.95
14.10
14.08
14.05
14.00
13.98
14.02
14.09
14.14
14.13
14.14
14.13
14.13
14.22
14.21
14.22
14.17
14.19
14.15
14.15
14.13
14.22
14.22
14.15
14.22
14.22
14.24
14.27
14.31
14.39
14.39
14.30
14.28
14.27
14.29
14.33
14.39
14.42
14.46
14.45
14.46
14.56
14.56
14.59
14.65
14.67
14.66
14.63
14.57
14.57
14.60
14.56
14.60
14.68
14.64
14.64
14.63
14.65
14.70
14.73
14.75
14.75
14.71
14.70
14.71
14.67
14.66
14.62
14.63
14.57
14.57
14.61
14.69
14.65
14.67
14.66
14.68
14.71
14.73
14.77
14.75
14.74
14.75
14.78
14.75
14.79
14.80
14.83
14.81
14.81
14.86
14.87
14.85
14.80
14.84
