9.60
10.10
9.57
9.28
9.36
9.60
9.31
9.53
9.53
9.64
9.51
9.11
9.34
9.38
9.22
9.07
9.34
9.02
9.01
8.81
9.03
9.12
8.74
8.78
8.73
8.74
8.66
8.93
8.80
8.93
8.81
9.06
9.20
9.38
9.41
9.45
9.38
9.03
9.02
9.08
9.00
8.69
8.94
8.68
8.74
8.77
8.96
9.13
9.45
9.52
9.99
10.20
10.25
10.26
10.51
10.58
10.48
10.57
10.34
10.27
9.91
9.96
9.83
9.88
9.55
9.62
9.45
9.37
9.33
9.24
9.32
9.45
9.33
9.45
9.54
9.43
9.51
9.68
9.65
9.53
9.34
9.28
9.26
9.21
9.34
9.17
9.09
8.78
8.96
8.97
8.85
8.62
8.72
8.61
8.49
8.63
8.76
8.81
8.56
8.61
8.82
8.99
8.60
8.55
8.77
8.86
8.77
8.71
8.89
9.01
8.97
8.82
9.01
9.26
9.05
8.86
9.01
9.34
9.51
9.51
9.61
9.85
10.06
9.94
10.15
10.13
10.22
9.94
9.71
9.52
9.41
9.15
8.89
8.87
8.57
8.64
8.56
8.97
9.06
8.93
8.71
8.97
9.36
9.35
9.67
9.37
9.19
8.89
8.86
9.34
9.62
9.65
9.50
9.37
9.03
9.24
9.26
9.23
9.17
8.63
8.59
8.21
8.18
8.20
8.09
8.05
8.03
8.34
8.41
8.71
8.90
9.24
9.38
9.44
9.67
9.76
10.03
9.81
10.09
10.28
10.12
9.79
9.68
9.60
9.73
9.86
9.99
10.00
9.91
9.81
10.08
10.38
10.47
10.49
10.45
10.61
10.05
10.08
9.93
9.98
9.96
9.82
9.63
9.58
9.49
9.29
9.83
9.91
9.85
9.69
9.35
9.52
9.57
9.91
9.94
9.67
9.36
9.08
9.18
8.85
8.80
8.76
8.77
8.56
8.83
9.14
9.25
9.44
9.32
9.67
9.93
9.65
9.73
9.82
9.45
9.48
9.39
9.16
9.07
9.03
9.04
9.45
9.48
9.58
9.71
9.62
9.75
9.98
9.99
10.36
10.15
10.00
9.88
9.69
9.72
9.61
9.54
9.30
9.43
8.75
8.74
8.70
8.76
8.68
8.53
8.64
8.71
9.10
9.12
9.51
9.65
9.55
9.64
9.87
9.96
10.17
9.85
9.89
9.60
9.65
9.65
9.89
9.74
9.51
9.75
9.59
9.88
9.60
9.94
9.81
9.82
9.55
9.81
10.09
9.90
9.90
9.81
9.87
9.70
9.68
9.82
10.05
9.53
9.24
9.18
9.13
9.18
9.30
9.71
9.78
9.63
9.65
9.85
10.23
10.28
10.26
10.29
10.15
9.97
10.07
10.22
10.25
10.44
10.19
10.33
10.37
10.30
10.37
10.33
9.92
9.78
9.56
9.15
9.46
9.25
9.30
9.34
9.32
9.14
9.33
9.54
9.70
10.01
9.52
9.63
9.65
9.89
9.95
9.98
9.98
9.70
9.51
9.67
9.89
9.68
9.67
9.50
9.43
9.69
9.95
10.09
10.27
10.47
10.51
10.75
10.80
10.85
10.76
10.66
10.59
10.81
10.91
10.52
10.44
10.16
10.17
10.21
10.44
10.44
10.40
10.25
10.07
10.23
10.36
10.78
10.69
10.38
10.56
10.33
10.38
10.18
10.42
10.34
10.15
9.84
9.81
10.27
9.97
9.83
9.74
9.83
9.79
9.73
9.81
10.10
10.14
10.16
10.25
10.49
10.53
10.52
10.46
10.50
10.64
10.44
10.29
10.05
9.90
9.92
9.83
9.79
9.95
10.05
9.66
9.80
10.05
10.11
10.16
10.42
10.57
10.62
10.41
10.48
10.91
10.90
10.76
10.77
10.86
10.45
10.67
10.72
10.60
10.65
10.75
10.87
10.96
10.87
10.97
10.94
10.56
10.49
10.64
10.62
10.48
10.35
10.35
10.48
10.51
10.73
10.92
11.14
11.23
10.94
10.98
11.08
10.99
10.92
10.86
10.99
10.84
10.62
10.71
11.04
11.05
10.97
11.04
11.15
11.16
11.26
11.38
11.48
11.32
11.26
11.30
11.41
11.61
11.55
11.33
11.22
11.26
11.35
11.50
11.48
11.44
11.53
11.41
11.54
11.62
11.68
11.77
11.61
11.58
11.64
11.76
11.38
11.47
11.38
11.51
11.48
11.62
11.65
11.67
11.67
11.55
11.83
11.55
11.47
11.35
11.32
11.10
11.25
11.32
11.22
11.26
11.38
11.63
11.81
11.74
11.90
11.88
11.94
11.76
11.86
11.85
11.71
11.64
11.52
11.72
11.51
11.49
11.49
11.51
11.53
11.53
11.57
11.64
11.37
11.45
11.56
11.50
11.52
11.66
11.51
11.48
11.29
11.32
11.66
11.67
11.78
11.99
11.88
11.98
12.28
12.40
12.61
12.63
12.75
12.79
12.73
12.73
12.78
12.68
12.49
12.58
12.47
12.43
12.25
12.22
12.31
12.42
12.41
12.36
12.47
12.31
12.27
12.13
12.24
12.02
12.01
11.88
11.76
11.75
11.71
11.93
11.96
12.09
12.00
12.08
11.95
12.02
12.08
12.26
12.20
11.91
12.13
12.04
12.09
12.07
12.01
11.93
12.17
12.02
12.07
11.96
11.72
11.76
11.65
11.90
12.07
12.09
11.83
11.76
11.87
12.12
12.36
12.54
12.62
12.64
12.60
12.76
12.85
12.86
12.85
12.65
12.61
12.54
12.68
12.59
12.72
12.46
12.35
12.57
12.57
12.62
12.55
12.56
12.43
12.54
12.44
12.67
12.72
12.58
12.43
12.52
12.34
12.39
12.46
12.46
12.61
12.47
12.45
12.35
12.35
12.48
12.77
12.73
12.82
12.82
12.76
12.77
12.92
12.86
13.03
12.78
12.81
12.86
12.80
12.64
12.45
12.60
12.52
12.53
12.37
12.60
12.58
12.52
12.52
12.72
12.93
12.92
12.98
13.19
13.34
13.32
13.23
13.33
13.38
13.31
13.26
13.11
12.98
12.99
13.01
12.94
13.00
12.83
12.82
12.83
12.70
12.87
13.03
13.01
12.93
13.01
13.09
13.28
13.18
13.15
13.11
12.99
13.06
13.01
13.13
13.16
13.04
12.98
13.13
13.10
13.36
13.42
13.29
13.35
13.11
12.94
12.80
12.81
12.81
12.92
12.87
12.89
13.05
12.99
13.02
13.17
13.27
13.27
13.19
13.13
13.16
13.12
13.07
13.00
13.01
13.01
13.22
13.19
13.21
13.11
13.13
13.25
13.24
13.50
13.73
13.68
13.70
13.68
13.47
13.62
13.36
13.29
13.26
13.08
12.90
12.95
12.79
12.82
12.95
12.83
13.05
13.05
13.10
13.30
13.26
13.37
13.38
13.28
13.31
13.44
13.41
13.46
13.39
13.09
13.25
13.11
13.17
13.24
13.26
13.13
13.02
13.06
12.86
13.05
13.05
13.20
13.00
13.06
13.17
13.30
13.47
13.44
13.79
13.83
13.74
13.68
13.92
13.78
13.70
13.70
13.72
13.71
13.53
13.47
13.63
13.71
13.72
13.96
14.04
13.85
13.84
13.87
14.05
14.10
13.92
13.84
13.79
13.77
13.72
13.81
13.74
13.77
13.60
13.63
13.78
13.74
13.55
13.49
13.51
13.40
13.40
13.35
13.50
13.38
13.27
13.42
13.60
13.47
13.50
13.74
13.75
13.80
13.67
13.63
13.64
13.44
13.50
13.64
13.58
13.47
13.41
13.36
13.47
13.50
13.54
13.73
13.62
13.53
13.62
13.71
13.67
13.62
13.53
13.70
13.62
13.58
13.73
13.76
13.74
13.71
13.82
13.77
13.84
13.80
13.86
13.84
13.81
13.91
13.89
13.88
13.91
14.02
14.00
13.91
14.00
13.99
13.92
13.88
13.90
13.93
13.97
14.02
14.08
14.16
14.20
14.25
14.29
14.35
14.36
14.37
14.30
14.31
14.25
14.23
14.20
14.18
14.16
14.14
14.14
14.18
14.15
14.06
14.13
14.22
14.27
14.18
14.17
14.15
14.11
14.06
14.05
14.04
13.91
13.87
13.83
13.77
13.81
13.72
13.66
13.69
13.79
13.81
13.85
13.81
13.79
13.95
13.96
14.01
13.96
13.98
13.96
13.98
14.04
13.97
14.02
14.01
13.94
14.01
14.10
14.06
14.07
14.16
14.06
14.22
14.16
14.18
14.22
14.14
14.11
14.17
14.17
14.12
14.25
14.19
14.21
14.26
14.33
14.41
14.45
14.46
14.36
14.29
14.19
14.19
14.18
14.09
14.00
14.00
14.05
13.95
13.97
14.03
